0.000000000000000000e+00
0.000000000000000000e+00
0.000000000000000000e+00
0.000000000000000000e+00
0.000000000000000000e+00
0.000000000000000000e+00
0.000000000000000000e+00
0.000000000000000000e+00
0.000000000000000000e+00
0.000000000000000000e+00
0.000000000000000000e+00
0.000000000000000000e+00
0.000000000000000000e+00
4.254251060372077011e-06
4.254251060372077011e-06
4.254251060372077011e-06
4.254251060372077011e-06
4.254251060372077011e-06
4.254251060372077011e-06
4.254251060372077011e-06
4.254251060372077011e-06
8.508502120744154023e-06
8.508502120744154023e-06
8.508502120744154023e-06
8.508502120744154023e-06
8.508502120744154023e-06
8.508502120744154023e-06
8.508502120744154023e-06
8.508502120744154023e-06
8.508502120744154023e-06
8.508502120744154023e-06
1.276275318111623103e-05
1.276275318111623103e-05
1.701700424148830805e-05
1.701700424148830805e-05
2.127125530186038506e-05
2.127125530186038506e-05
2.127125530186038506e-05
2.127125530186038506e-05
2.977975742260453908e-05
2.977975742260453908e-05
3.403400848297661609e-05
3.403400848297661609e-05
3.828825954334868971e-05
3.828825954334868971e-05
4.254251060372077011e-05
4.254251060372077011e-05
4.679676166409284374e-05
4.679676166409284374e-05
5.105101272446492414e-05
5.105101272446492414e-05
5.530526378483699776e-05
5.530526378483699776e-05
5.955951484520907816e-05
5.955951484520907816e-05
6.381376590558115178e-05
6.381376590558115178e-05
6.806801696595323218e-05
6.806801696595323218e-05
7.232226802632529903e-05
7.232226802632529903e-05
7.657651908669737943e-05
7.657651908669737943e-05
8.083077014706945983e-05
8.083077014706945983e-05
8.508502120744154023e-05
8.508502120744154023e-05
8.933927226781360708e-05
8.933927226781360708e-05
9.359352332818568748e-05
9.359352332818568748e-05
9.784777438855776787e-05
9.784777438855776787e-05
1.021020254489298483e-04
1.021020254489298483e-04
1.063562765093019151e-04
1.063562765093019151e-04
1.106105275696739955e-04
1.106105275696739955e-04
1.148647786300460759e-04
1.148647786300460759e-04
1.191190296904181563e-04
1.191190296904181563e-04
1.233732807507902367e-04
1.233732807507902367e-04
1.276275318111623036e-04
1.276275318111623036e-04
1.318817828715343704e-04
1.318817828715343704e-04
1.361360339319064644e-04
1.361360339319064644e-04
1.446445360526505981e-04
1.446445360526505981e-04
1.488987871130226920e-04
1.488987871130226920e-04
1.531530381733947589e-04
1.531530381733947589e-04
1.574072892337668528e-04
1.574072892337668528e-04
1.616615402941389197e-04
1.616615402941389197e-04
1.659157913545109865e-04
1.659157913545109865e-04
1.786785445356272142e-04
1.786785445356272142e-04
1.829327955959993081e-04
1.829327955959993081e-04
1.871870466563713750e-04
1.871870466563713750e-04
1.914412977167434689e-04
1.914412977167434689e-04
2.084583019582317634e-04
2.084583019582317634e-04
2.127125530186038302e-04
2.127125530186038302e-04
2.212210551393479910e-04
2.212210551393479910e-04
2.254753061997200579e-04
2.254753061997200579e-04
2.297295572600921518e-04
2.297295572600921518e-04
2.339838083204642187e-04
2.339838083204642187e-04
2.382380593808363126e-04
2.382380593808363126e-04
2.424923104412083795e-04
2.424923104412083795e-04
2.467465615015804734e-04
2.467465615015804734e-04
2.552550636223246071e-04
2.552550636223246071e-04
2.595093146826966740e-04
2.595093146826966740e-04
2.637635657430687408e-04
2.637635657430687408e-04
2.680178168034408619e-04
2.680178168034408619e-04
2.807805699845570624e-04
2.807805699845570624e-04
2.850348210449291293e-04
2.850348210449291293e-04
2.892890721053011961e-04
2.892890721053011961e-04
2.977975742260453840e-04
2.977975742260453840e-04
3.063060763467895177e-04
3.063060763467895177e-04
3.105603274071615846e-04
3.105603274071615846e-04
3.190688295279057725e-04
3.190688295279057725e-04
3.233230805882778393e-04
3.233230805882778393e-04
3.275773316486499062e-04
3.275773316486499062e-04
3.318315827090219730e-04
3.318315827090219730e-04
3.360858337693940941e-04
3.360858337693940941e-04
3.403400848297661609e-04
3.403400848297661609e-04
3.445943358901382278e-04
3.445943358901382278e-04
3.573570890712544283e-04
3.573570890712544283e-04
3.658655911919986162e-04
3.658655911919986162e-04
3.701198422523706831e-04
3.701198422523706831e-04
3.743740933127427499e-04
3.743740933127427499e-04
3.871368464938590047e-04
3.871368464938590047e-04
3.998995996749752052e-04
3.998995996749752052e-04
4.169166039164635268e-04
4.169166039164635268e-04
4.211708549768355936e-04
4.211708549768355936e-04
4.254251060372076605e-04
4.254251060372076605e-04
4.296793570975797815e-04
4.296793570975797815e-04
4.381878592183239152e-04
4.381878592183239152e-04
4.424421102786959821e-04
4.424421102786959821e-04
4.466963613390680489e-04
4.466963613390680489e-04
4.509506123994401158e-04
4.509506123994401158e-04
4.594591145201843037e-04
4.594591145201843037e-04
4.722218677013005042e-04
4.722218677013005042e-04
4.849846208824167590e-04
4.849846208824167590e-04
4.892388719427888258e-04
4.892388719427888258e-04
5.020016251239050806e-04
5.020016251239050806e-04
5.062558761842770932e-04
5.062558761842770932e-04
5.147643783050213353e-04
5.147643783050213353e-04
5.232728804257654690e-04
5.232728804257654690e-04
5.445441357276258575e-04
5.445441357276258575e-04
5.530526378483699912e-04
5.530526378483699912e-04
5.700696420898582585e-04
5.700696420898582585e-04
5.743238931502303796e-04
5.743238931502303796e-04
5.785781442106023922e-04
5.785781442106023922e-04
6.083579016332070228e-04
6.083579016332070228e-04
6.126121526935790354e-04
6.126121526935790354e-04
6.381376590558115449e-04
6.381376590558115449e-04
6.423919101161835576e-04
6.423919101161835576e-04
6.551546632972998123e-04
6.551546632972998123e-04
6.594089143576719334e-04
6.594089143576719334e-04
6.636631654180439460e-04
6.636631654180439460e-04
6.679174164784160671e-04
6.679174164784160671e-04
6.806801696595323218e-04
6.806801696595323218e-04
6.934429228406484682e-04
6.934429228406484682e-04
7.147141781425088566e-04
7.147141781425088566e-04
7.189684292028809777e-04
7.189684292028809777e-04
7.232226802632530987e-04
7.232226802632530987e-04
7.317311823839972324e-04
7.317311823839972324e-04
7.742736929877180093e-04
7.742736929877180093e-04
8.593587141951595631e-04
8.593587141951595631e-04
9.401894843422289958e-04
9.401894843422289958e-04
9.827319949459497727e-04
9.827319949459497727e-04
9.954947481270659190e-04
9.954947481270659190e-04
1.004003250247810161e-03
1.004003250247810161e-03
1.021020254489298429e-03
1.021020254489298429e-03
1.038037258730786696e-03
1.038037258730786696e-03
1.067817016153391326e-03
1.067817016153391326e-03
1.101851024636367861e-03
1.101851024636367861e-03
1.131630782058972492e-03
1.131630782058972492e-03
1.152902037360832880e-03
1.152902037360832880e-03
1.157156288421204784e-03
1.157156288421204784e-03
1.174173292662693269e-03
1.174173292662693269e-03
1.178427543723065173e-03
1.178427543723065173e-03
1.182681794783437294e-03
1.182681794783437294e-03
1.203953050085297682e-03
1.203953050085297682e-03
1.216715803266414046e-03
1.216715803266414046e-03
1.220970054326785950e-03
1.220970054326785950e-03
1.225224305387158071e-03
1.225224305387158071e-03
1.255004062809762701e-03
1.255004062809762701e-03
1.297546573413483478e-03
1.297546573413483478e-03
1.310309326594599625e-03
1.310309326594599625e-03
1.323072079775715988e-03
1.323072079775715988e-03
1.340089084017204255e-03
1.340089084017204255e-03
1.352851837198320402e-03
1.352851837198320402e-03
1.357106088258692523e-03
1.357106088258692523e-03
1.425174105224645809e-03
1.425174105224645809e-03
1.497496373250971000e-03
1.497496373250971000e-03
1.540038883854691776e-03
1.540038883854691776e-03
1.620869654001761209e-03
1.620869654001761209e-03
1.633632407182877572e-03
1.633632407182877572e-03
1.637886658243249477e-03
1.637886658243249477e-03
1.650649411424365840e-03
1.650649411424365840e-03
1.684683419907342375e-03
1.684683419907342375e-03
1.731480181571435273e-03
1.731480181571435273e-03
1.748497185812923540e-03
1.748497185812923540e-03
1.765514190054411807e-03
1.765514190054411807e-03
1.808056700658132584e-03
1.808056700658132584e-03
1.812310951718504705e-03
1.812310951718504705e-03
1.837836458080737215e-03
1.837836458080737215e-03
1.850599211261853361e-03
1.850599211261853361e-03
1.867616215503341628e-03
1.867616215503341628e-03
1.905904475046690501e-03
1.905904475046690501e-03
1.990989496254131838e-03
1.990989496254131838e-03
2.059057513220085341e-03
2.059057513220085341e-03
2.084583019582317634e-03
2.084583019582317634e-03
2.156905287608642825e-03
2.156905287608642825e-03
2.165413789729387067e-03
2.165413789729387067e-03
2.212210551393479965e-03
2.212210551393479965e-03
2.267515815178317105e-03
2.267515815178317105e-03
2.327075330023525932e-03
2.327075330023525932e-03
2.335583832144270174e-03
2.335583832144270174e-03
2.344092334265014416e-03
2.344092334265014416e-03
2.348346585325386537e-03
2.348346585325386537e-03
2.365363589566874588e-03
2.365363589566874588e-03
2.382380593808363072e-03
2.382380593808363072e-03
2.395143346989479435e-03
2.395143346989479435e-03
2.429177355472455970e-03
2.429177355472455970e-03
2.433431606532828091e-03
2.433431606532828091e-03
2.641889908491059855e-03
2.641889908491059855e-03
2.658906912732547905e-03
2.658906912732547905e-03
2.667415414853292147e-03
2.667415414853292147e-03
2.799297197724826599e-03
2.799297197724826599e-03
2.892890721053012395e-03
2.892890721053012395e-03
2.918416227415244688e-03
2.918416227415244688e-03
2.986484244381197757e-03
2.986484244381197757e-03
3.016264001803802604e-03
3.016264001803802604e-03
3.041789508166034897e-03
3.041789508166034897e-03
3.139637282554592814e-03
3.139637282554592814e-03
3.160908537856452986e-03
3.160908537856452986e-03
3.280027567546871074e-03
3.280027567546871074e-03
3.343841333452452456e-03
3.343841333452452456e-03
3.360858337693940507e-03
3.360858337693940507e-03
3.394892346176917475e-03
3.394892346176917475e-03
3.424672103599521889e-03
3.424672103599521889e-03
3.441689107841009940e-03
3.441689107841009940e-03
3.539536882229567857e-03
3.539536882229567857e-03
3.645893158738870016e-03
3.645893158738870016e-03
3.790537694791520397e-03
3.790537694791520397e-03
4.020267252051612332e-03
4.020267252051612332e-03
4.024521503111984887e-03
4.024521503111984887e-03
4.101098022198682198e-03
4.101098022198682198e-03
4.173420290225006955e-03
4.173420290225006955e-03
4.232979805070216650e-03
4.232979805070216650e-03
4.245742558251332580e-03
4.245742558251332580e-03
4.284030817794681235e-03
4.284030817794681235e-03
4.326573328398402446e-03
4.326573328398402446e-03
4.335081830519146688e-03
4.335081830519146688e-03
4.369115839002122789e-03
4.369115839002122789e-03
4.441438107028448413e-03
4.441438107028448413e-03
4.471217864451052827e-03
4.471217864451052827e-03
4.641387906865935935e-03
4.641387906865935935e-03
4.747744183375237660e-03
4.747744183375237660e-03
4.815812200341190730e-03
4.815812200341190730e-03
4.909405723669376526e-03
4.909405723669376526e-03
5.083830017144632188e-03
5.083830017144632188e-03
5.109355523506864047e-03
5.109355523506864047e-03
5.160406536231329500e-03
5.160406536231329500e-03
5.228474553197282569e-03
5.228474553197282569e-03
5.619865650751513370e-03
5.619865650751513370e-03
5.636882654993001854e-03
5.636882654993001854e-03
5.687933667717466439e-03
5.687933667717466439e-03
5.917663224977559241e-03
5.917663224977559241e-03
5.938934480279419413e-03
5.938934480279419413e-03
6.138884280116906934e-03
6.138884280116906934e-03
6.258003309807324589e-03
6.258003309807324589e-03
6.275020314048813073e-03
6.275020314048813073e-03
6.449444607524068736e-03
6.449444607524068736e-03
6.802547445534950880e-03
6.802547445534950880e-03
6.836581454017926981e-03
6.836581454017926981e-03
7.066311011278019784e-03
7.066311011278019784e-03
7.117362024002484369e-03
7.117362024002484369e-03
7.581075389583040794e-03
7.581075389583040794e-03
7.585329640643413349e-03
7.585329640643413349e-03
7.670414661850854035e-03
7.670414661850854035e-03
7.985229240318388391e-03
7.985229240318388391e-03
8.334077827268897981e-03
8.342586329389643091e-03
8.840333703453174749e-03
8.840333703453174749e-03
9.389132090241173595e-03
9.389132090241173595e-03
9.461454358267498352e-03
9.461454358267498352e-03
9.478471362508986836e-03
9.478471362508986836e-03
9.601844643259777046e-03
9.601844643259777046e-03
9.695438166587962842e-03
9.695438166587962842e-03
9.984727238693263604e-03
9.984727238693263604e-03
1.077176368486209776e-02
1.077176368486209776e-02
1.081856044652619066e-02
1.081856044652619066e-02
1.146946085876311867e-02
1.146946085876311867e-02
1.174173292662693269e-02
1.174173292662693269e-02
1.256280338127874208e-02
1.256280338127874208e-02
1.343067059759464610e-02
1.343067059759464610e-02
1.344768760183613458e-02
1.344768760183613458e-02
1.442191109466134033e-02
1.442191109466134033e-02
1.452826737117064206e-02
1.452826737117064206e-02
1.453677587329138716e-02
1.454528437541213054e-02
1.469843741358552516e-02
1.469843741358552516e-02
1.504728600053603649e-02
1.505579450265677986e-02
1.618742528471575279e-02
1.618742528471575279e-02
1.668942690983965874e-02
1.668942690983965874e-02
1.725949655192951515e-02
1.725949655192951515e-02
1.748922610918960882e-02
1.749773461131035046e-02
1.841665284035072167e-02
1.842516134247146331e-02
1.938662208211555313e-02
1.938662208211555313e-02
1.946745285226262473e-02
1.946745285226262473e-02
1.953977512028894775e-02
1.953977512028894775e-02
1.985033544769610955e-02
1.985884394981685466e-02
2.000774273692987673e-02
2.001625123905062184e-02
2.002050549011099440e-02
2.002050549011099440e-02
2.093942371915136214e-02
2.093942371915136214e-02
2.120744153595480186e-02
2.121595003807554697e-02
2.165413789729387153e-02
2.166264639941461664e-02
2.186685045031247498e-02
2.186685045031247498e-02
2.203276624166698727e-02
2.203276624166698727e-02
2.454702861834688263e-02
2.455553712046762774e-02
2.467465615015804539e-02
2.467465615015804539e-02
2.469592740545990470e-02
2.469592740545990470e-02
2.476399542242585863e-02
2.476399542242585863e-02
2.539362457936092735e-02
2.540213308148166899e-02
2.577650717479441217e-02
2.578501567691515728e-02
2.612110151068455094e-02
2.612961001280529605e-02
2.653376386354064365e-02
2.654227236566138876e-02
2.853326186191551886e-02
2.854177036403626397e-02
2.869492340220965859e-02
2.870343190433040370e-02
3.070718415376565147e-02
3.071569265588639311e-02
3.101774448117281327e-02
3.101774448117281327e-02
3.168140764659085895e-02
3.168991614871159712e-02
3.187284894430759963e-02
3.187284894430759963e-02
3.217490076959401979e-02
3.217490076959401979e-02
3.240888457791447907e-02
3.240888457791447907e-02
3.296193721576284874e-02
3.297044571788359385e-02
3.370643115132796602e-02
3.371493965344871113e-02
3.559106437107279614e-02
3.559957287319354124e-02
3.595267571120441819e-02
3.595267571120441819e-02
3.651423685117353296e-02
3.652274535329427807e-02
3.718215426765195120e-02
3.719066276977269631e-02
3.754376560778358018e-02
3.755227410990432529e-02
3.760757937368915810e-02
3.761608787580990321e-02
4.013035025248980203e-02
4.013885875461054714e-02
4.036007980974989223e-02
4.036007980974989223e-02
4.262334137386783461e-02
4.263184987598857972e-02
4.280627416946383712e-02
4.281478267158458223e-02
4.288710493961090525e-02
4.288710493961090525e-02
4.372093814744383578e-02
4.373370090062494997e-02
4.373795515168531906e-02
4.373795515168531906e-02
4.518014626115145899e-02
4.518865476327219716e-02
4.685632117893805126e-02
4.685632117893805126e-02
4.775396815267655970e-02
4.775396815267655970e-02
4.865161512641506814e-02
4.865161512641506814e-02
5.148494633262287040e-02
5.149345483474361551e-02
5.168064188139998710e-02
5.168915038352073221e-02
5.187633743017710380e-02
5.188484593229784891e-02
5.230601678727468673e-02
5.231452528939543184e-02
5.311432448874538192e-02
5.312283299086612010e-02
5.427998927928733008e-02
5.428849778140807519e-02
5.472243138956602720e-02
5.472243138956602720e-02
5.573068889087420819e-02
5.573919739299495330e-02
5.725796502154777839e-02
5.726647352366852350e-02
5.767488162546424713e-02
5.768339012758499224e-02
6.054224684015502289e-02
6.055075534227576800e-02
6.062307761030209102e-02
6.063158611242283613e-02
6.122292700981455532e-02
6.123143551193530043e-02
6.231201528126981137e-02
6.232052378339054954e-02
6.259279585125436529e-02
6.260130435337510346e-02
6.342237480802692673e-02
6.343088331014766490e-02
6.520065175126245338e-02
6.520065175126245338e-02
6.786806716611573642e-02
6.786806716611573642e-02
6.800845745110802032e-02
6.801696595322875849e-02
6.966336111359275329e-02
6.967186961571350534e-02
7.083328015519507748e-02
7.084178865731582952e-02
7.277321863872474039e-02
7.277321863872474039e-02
7.354323808065209300e-02
7.355174658277283117e-02
7.358152634019543559e-02
7.359003484231618764e-02
7.675519763123300754e-02
7.676370613335375959e-02
7.797616768555980238e-02
7.797616768555980238e-02
7.943963005032779467e-02
7.944813855244853285e-02
7.953747782471634609e-02
7.954598632683709813e-02
7.957151183319932652e-02
7.958002033532006469e-02
8.016710698165141480e-02
8.017561548377215297e-02
8.129448351265002037e-02
8.130299201477075854e-02
8.143061954658192825e-02
8.143061954658192825e-02
8.168162035914387775e-02
8.169012886126461592e-02
8.247716530743345875e-02
8.248567380955419692e-02
8.256650457970127199e-02
8.257501308182201016e-02
8.334928677480972492e-02
8.335779527693047697e-02
8.360879608949242647e-02
8.361730459161316464e-02
8.384703414887326178e-02
8.385554265099399995e-02
8.387681390629586620e-02
8.388532240841660437e-02
8.450218881217055888e-02
8.451069731429131093e-02
8.538707303272795313e-02
8.539558153484869130e-02
8.616985522783641993e-02
8.617836372995715810e-02
8.766309735002701664e-02
8.767160585214775481e-02
8.856499857482590110e-02
8.857350707694663927e-02
8.910954271055351872e-02
8.911805121267427077e-02
9.092610791333240183e-02
9.093461641545314000e-02
9.132175326194699738e-02
9.133026176406774943e-02
9.174292411692383520e-02
9.175143261904457337e-02
9.299367392867322057e-02
9.300218243079397262e-02
9.323191198805406976e-02
9.324042049017480793e-02
9.347440429849526722e-02
9.348291280061601927e-02
9.445288204238085072e-02
9.446139054450158890e-02
9.517610472264410870e-02
9.518461322476484687e-02
9.533351201187786894e-02
9.534202051399860711e-02
9.736278976767534510e-02
9.737129826979609715e-02
9.776694361841069270e-02
9.777545212053144474e-02
9.863055658366623457e-02
9.863906508578697274e-02
9.912404970666939541e-02
9.913255820879013358e-02
1.002429177355472489e-01
1.002514262376679871e-01
1.008427671350597132e-01
1.008512756371804514e-01
1.010767509433801725e-01
1.010852594455009107e-01
1.011022764497424009e-01
1.011107849518631530e-01
1.031783509672039717e-01
1.031868594693247237e-01
1.053395105058729936e-01
1.053480190079937318e-01
1.061393097052229506e-01
1.061478182073436888e-01
1.073049744957648988e-01
1.073134829978856369e-01
1.074921615424212634e-01
1.074921615424212634e-01
1.081175364482959561e-01
1.081260449504167082e-01
1.090832514390004254e-01
1.090832514390004254e-01
1.091981162176304671e-01
1.092066247197512052e-01
1.099128303957729730e-01
1.099213388978937250e-01
1.103169842465083206e-01
1.103254927486290726e-01
1.104701372846817187e-01
1.104786457868024568e-01
1.114230895222050599e-01
1.114315980243258120e-01
1.116017680667406864e-01
1.116102765688614384e-01
1.117464126027933463e-01
1.117549211049140845e-01
1.124100757682113816e-01
1.124185842703321336e-01
1.126100255680488743e-01
1.126185340701696125e-01
1.130354506740860743e-01
1.130439591762068263e-01
1.144350992729484956e-01
1.144436077750692338e-01
1.144989130388540804e-01
1.145074215409748186e-01
1.150051689150383555e-01
1.150136774171590937e-01
1.156050183145508198e-01
1.156135268166715580e-01
1.157283915953015996e-01
1.157369000974223516e-01
1.161325454460369472e-01
1.161410539481576992e-01
1.161878507098217939e-01
1.161963592119425320e-01
1.171875997090092297e-01
1.171961082111299679e-01
1.190509616734521936e-01
1.190594701755729456e-01
1.191956062095048535e-01
1.192041147116255917e-01
1.196337940687231677e-01
1.196423025708439197e-01
1.197656758515946995e-01
1.197741843537154516e-01
1.202081179618734036e-01
1.202166264639941418e-01
1.202804402298997266e-01
1.202889487320204648e-01
1.207611705997217733e-01
1.207696791018425114e-01
1.224883965302328293e-01
1.224969050323535813e-01
1.231222799382282740e-01
1.231307884403490122e-01
1.238837908780348745e-01
1.238922993801556266e-01
1.240199269119667824e-01
1.240284354140875206e-01
1.246367933157207369e-01
1.246453018178414751e-01
1.266405455651559708e-01
1.266490540672767229e-01
1.271127674328572932e-01
1.271255301860383935e-01
1.286102638061082659e-01
1.286187723082289902e-01
1.293590119927337523e-01
1.293675204948544766e-01
1.301758281963251718e-01
1.301843366984459238e-01
1.312478994635389307e-01
1.312564079656596827e-01
1.325624630411939009e-01
1.325709715433146529e-01
1.326900905730050706e-01
1.326900905730050706e-01
1.327113618283069230e-01
1.327198703304276750e-01
1.329836338961707387e-01
1.329921423982914908e-01
1.330304306578348472e-01
1.330389391599555993e-01
1.330517019131366996e-01
1.330517019131366996e-01
1.333027027256986630e-01
1.333112112278193873e-01
1.338344841082451664e-01
1.338429926103659184e-01
1.341790784441352913e-01
1.341875869462560433e-01
1.350511999115115713e-01
1.350597084136323234e-01
1.351575561880208887e-01
1.351660646901416130e-01
1.352681667155905543e-01
1.352766752177113063e-01
1.361530509361479346e-01
1.361615594382686867e-01
1.364423400082532545e-01
1.364508485103739788e-01
1.369571043865582816e-01
1.369656128886790059e-01
1.372293764544220696e-01
1.372378849565428216e-01
1.376080047987952026e-01
1.376165133009159269e-01
1.380036501474098121e-01
1.380121586495305364e-01
1.395904857929285703e-01
1.395989942950493223e-01
1.396457910567134308e-01
1.396542995588341551e-01
1.405349295283311872e-01
1.405434380304519393e-01
1.415048987700960048e-01
1.415134072722167569e-01
1.418962898676502382e-01
1.419047983697709903e-01
1.422451384546007669e-01
1.422536469567214912e-01
1.424535967565589978e-01
1.424621052586797221e-01
1.434278202493841914e-01
1.434363287515049434e-01
1.439553473808703465e-01
1.439638558829910708e-01
1.444020437422094127e-01
1.444105522443301370e-01
1.452188599458008322e-01
1.452316226989819603e-01
1.456230137965361937e-01
1.456315222986569458e-01
1.456527935539587981e-01
1.456613020560795502e-01
1.468056955913196182e-01
1.468142040934403703e-01
1.468695093572252031e-01
1.468780178593459551e-01
1.469673571316137684e-01
1.469758656337345204e-01
1.470864761613041860e-01
1.470949846634249381e-01
1.485456842750118023e-01
1.485541927771325543e-01
1.490349231469546010e-01
1.490434316490753253e-01
1.491114996660412861e-01
1.491200081681620382e-01
1.496049927890444609e-01
1.496135012911651851e-01
1.498049425888819397e-01
1.498134510910026918e-01
1.504175547415755321e-01
1.504260632436962564e-01
1.504600972521792368e-01
1.504686057542999889e-01
1.505664535286885541e-01
1.505749620308092784e-01
1.506557928009563674e-01
1.506643013030770917e-01
1.510854721580539295e-01
1.510939806601746815e-01
1.524851207569163369e-01
1.524936292590370890e-01
1.534933782582245387e-01
1.535018867603452630e-01
1.535912260326130763e-01
1.535997345347338283e-01
1.538209555898731873e-01
1.538294640919939116e-01
1.538507353472957917e-01
1.538592438494165160e-01
1.547398738189135481e-01
1.547483823210343001e-01
1.549015353592076982e-01
1.549100438613284225e-01
1.554673507502371821e-01
1.554801135034182824e-01
1.561352681667155795e-01
1.561437766688363316e-01
1.564160487367001473e-01
1.564245572388208994e-01
1.567351175662280438e-01
1.567436260683487959e-01
1.587048358071803111e-01
1.587133443093010632e-01
1.593897702279002404e-01
1.593982787300209647e-01
1.609127921075134415e-01
1.609213006096341658e-01
1.614743532474825494e-01
1.614828617496033014e-01
1.618614900939764067e-01
1.618699985960971588e-01
1.619210496088216156e-01
1.619295581109423676e-01
1.619593378683649720e-01
1.619678463704856963e-01
1.628442220889223524e-01
1.628527305910431044e-01
1.639758528709813201e-01
1.639843613731020722e-01
1.649968731254706222e-01
1.650053816275913743e-01
1.654605864910511925e-01
1.654690949931719168e-01
1.657286043078546323e-01
1.657371128099753566e-01
1.667326075581024303e-01
1.667411160602231823e-01
1.673877622213997274e-01
1.673962707235204794e-01
1.674047792256412315e-01
1.674132877277619558e-01
1.716335047796510582e-01
1.716420132817718103e-01
1.731097298976001786e-01
1.731182383997209306e-01
1.738925120927086454e-01
1.739010205948293697e-01
1.744157849731343968e-01
1.744242934752551488e-01
1.750879566406731980e-01
1.750964651427939500e-01
1.753814999638388661e-01
1.753900084659596181e-01
1.754240424744425986e-01
1.754325509765633229e-01
1.759515696059287260e-01
1.759600781080494780e-01
1.770278951242028609e-01
1.770364036263236129e-01
1.780276441233903106e-01
1.780361526255110349e-01
1.787210870462309364e-01
1.787295955483516885e-01
1.796570222795128013e-01
1.796655307816335534e-01
1.798059210666258234e-01
1.798144295687465755e-01
1.800356506238859067e-01
1.800526676281274108e-01
1.808524668274773539e-01
1.808609753295981060e-01
1.813544684526012529e-01
1.813629769547220050e-01
1.816480117757669488e-01
1.816565202778876731e-01
1.817713850565177147e-01
1.817798935586384668e-01
1.821457591498304718e-01
1.821542676519512238e-01
1.821840474093738282e-01
1.821925559114945525e-01
1.821968101625549286e-01
1.822053186646756806e-01
1.822733866816416415e-01
1.822818951837623658e-01
1.830476603746293562e-01
1.830561688767500805e-01
1.850982093857286848e-01
1.851067178878494368e-01
1.853066676876869157e-01
1.853151761898076677e-01
1.854470579726792134e-01
1.854555664747999377e-01
1.856299907682751882e-01
1.856384992703959402e-01
1.862255859167272765e-01
1.862340944188480285e-01
1.866084685121607856e-01
1.866169770142815099e-01
1.867999098098775124e-01
1.868084183119982644e-01
1.882123211619210479e-01
1.882208296640417999e-01
1.889823406038483866e-01
1.889908491059691387e-01
1.895609187480589986e-01
1.895694272501797506e-01
1.895992070076023550e-01
1.896077155097230793e-01
1.911902969041815170e-01
1.911988054063022413e-01
1.914030094572000962e-01
1.914115179593208482e-01
1.917561122952110009e-01
1.917646207973317252e-01
1.920539098694370450e-01
1.920624183715577693e-01
1.920964523800407497e-01
1.921049608821615018e-01
1.922240799118519194e-01
1.922368426650330475e-01
1.938662208211555382e-01
1.938747293232762903e-01
1.945639179950565678e-01
1.945724264971772921e-01
1.945766807482376681e-01
1.945851892503584202e-01
1.946915455268677098e-01
1.947000540289884618e-01
1.957508540409003683e-01
1.957593625430211204e-01
1.959125155811945185e-01
1.959210240833152428e-01
1.962741269213261475e-01
1.962826354234468718e-01
1.970654176185553386e-01
1.970739261206760906e-01
1.978099115541204489e-01
1.978184200562412010e-01
1.981630143921313258e-01
1.981715228942520779e-01
1.990904411232924387e-01
1.990989496254131907e-01
1.992095601529828564e-01
1.992180686551036084e-01
1.995711714931144853e-01
1.995796799952352374e-01
1.997243245312878834e-01
1.997328330334086355e-01
2.001540038883854733e-01
2.001625123905062253e-01
2.006985480241131048e-01
2.007070565262338291e-01
2.014558047128593155e-01
2.014643132149800675e-01
2.014728217171008195e-01
2.014813302192215438e-01
2.020513998613114037e-01
2.020599083634321558e-01
2.031021998732233103e-01
2.031107083753440623e-01
2.035956929962264850e-01
2.036084557494075853e-01
2.041615083872559688e-01
2.041700168893767209e-01
2.043061529233086149e-01
2.043146614254293669e-01
2.047826290420702855e-01
2.047911375441910375e-01
2.048251715526740180e-01
2.048336800547947423e-01
2.048421885569154943e-01
2.048506970590362464e-01
2.052293254034093517e-01
2.052378339055301038e-01
2.057440897817143788e-01
2.057525982838351308e-01
2.070118565977052683e-01
2.070203650998259925e-01
2.076159602482780808e-01
2.076244687503988329e-01
2.076967910184251698e-01
2.077052995205458941e-01
2.090836768641064491e-01
2.091006938683479532e-01
2.092113043959176188e-01
2.092198128980383709e-01
2.093006436681854321e-01
2.093091521703061841e-01
2.094750679616606825e-01
2.094835764637814346e-01
2.099047473187582724e-01
2.099132558208790245e-01
2.099643068336034812e-01
2.099728153357242333e-01
2.101855278887428125e-01
2.101855278887428125e-01
2.108832250626438420e-01
2.108917335647645941e-01
2.119127538192538962e-01
2.119212623213746205e-01
2.119425335766765006e-01
2.119510420787972249e-01
2.125083489677059845e-01
2.125168574698267365e-01
2.131294696225203011e-01
2.131379781246410532e-01
2.131762663841844097e-01
2.131847748863051339e-01
2.142440834003377925e-01
2.142525919024585446e-01
2.145801692341071931e-01
2.145886777362279174e-01
2.148949838125747136e-01
2.149034923146954656e-01
2.156011894885964675e-01
2.156096979907172195e-01
2.164307684453690428e-01
2.164392769474897671e-01
2.166860235089913544e-01
2.166945320111121065e-01
2.173667036786508799e-01
2.173752121807716320e-01
2.175241109678846541e-01
2.175326194700054061e-01
2.179537903249822439e-01
2.179622988271029960e-01
2.186642502520643738e-01
2.186727587541851259e-01
2.193789644302068798e-01
2.193874729323276318e-01
2.200511360977456810e-01
2.200596445998664052e-01
2.201362211189531182e-01
2.201447296210738702e-01
2.203106454124283686e-01
2.203191539145491207e-01
2.206424769951373932e-01
2.206509854972581453e-01
2.206637482504392456e-01
2.206722567525599976e-01
2.208849693055786045e-01
2.208934778076993566e-01
2.232290616398436012e-01
2.232375701419643532e-01
2.234034859333188794e-01
2.234119944354396037e-01
2.238671992988994219e-01
2.238757078010201740e-01
2.239735555754087393e-01
2.239820640775294636e-01
2.253136446594259379e-01
2.253221531615466622e-01
2.254923232039615644e-01
2.255008317060823164e-01
2.259560365695421069e-01
2.259645450716628590e-01
2.268153952837372866e-01
2.268239037858580109e-01
2.274067361811289989e-01
2.274152446832497509e-01
2.275386179640005169e-01
2.275471264661212689e-01
2.281086876060903768e-01
2.281171961082111288e-01
2.285468754653087187e-01
2.285553839674294430e-01
2.286021807290935515e-01
2.286106892312143035e-01
2.291297078605796789e-01
2.291382163627004309e-01
2.292913694008738290e-01
2.292998779029945811e-01
2.294360139369264751e-01
2.294445224390472271e-01
2.302826098979405267e-01
2.302911184000612510e-01
2.310356123356263613e-01
2.310441208377471134e-01
2.313121386545505531e-01
2.313206471566713052e-01
2.318098860286141039e-01
2.318183945307348282e-01
2.323714471685832117e-01
2.323799556707039637e-01
2.331797548700539069e-01
2.331882633721746589e-01
2.334137386783743662e-01
2.334222471804951182e-01
2.337881127716870955e-01
2.337966212738078475e-01
2.342560803883280418e-01
2.342645888904487939e-01
2.351579816131269263e-01
2.351664901152476506e-01
2.359620350635372454e-01
2.359705435656579975e-01
2.363236464036688744e-01
2.363321549057895987e-01
2.363959686716951836e-01
2.364044771738159356e-01
2.367448172586457122e-01
2.367533257607664365e-01
2.370383605818113804e-01
2.370468690839321324e-01
2.374084804240637336e-01
2.374169889261844857e-01
2.376594812366256970e-01
2.376679897387464491e-01
2.377062779982897778e-01
2.377147865004105298e-01
2.380083298235761979e-01
2.380168383256969500e-01
2.380849063426629109e-01
2.380976690958440112e-01
2.382678391382589134e-01
2.382763476403796377e-01
2.384848059423378686e-01
2.384933144444586206e-01
2.386762472400546231e-01
2.386847557421753752e-01
2.387570780102016843e-01
2.387655865123224364e-01
2.396121824733364880e-01
2.396206909754572123e-01
2.403098796472374898e-01
2.403183881493582419e-01
2.414159849229342292e-01
2.414244934250549812e-01
2.421519703563786152e-01
2.421604788584993673e-01
2.437302974997766492e-01
2.437388060018974012e-01
2.442535703802024283e-01
2.442620788823231526e-01
2.448917080392582213e-01
2.449002165413789733e-01
2.451852513624238894e-01
2.451937598645446414e-01
2.465976627144674249e-01
2.466061712165881770e-01
2.487928562616194272e-01
2.488013647637401793e-01
2.489077210402494689e-01
2.489162295423702209e-01
2.489289922955513212e-01
2.489375007976720733e-01
2.492438068740188695e-01
2.492523153761395938e-01
2.497330457459616404e-01
2.497415542480823925e-01
2.497628255033842448e-01
2.497713340055049969e-01
2.503243866433533804e-01
2.503328951454741325e-01
2.513113728893596743e-01
2.513198813914804264e-01
2.513964579105671393e-01
2.514049664126878914e-01
2.514134749148086434e-01
2.514219834169293399e-01
2.521111720887096452e-01
2.521196805908303973e-01
2.525110716883846029e-01
2.525195801905053550e-01
2.526642247265580288e-01
2.526727332286787808e-01
2.529237340412406887e-01
2.529322425433614407e-01
2.531534635985008275e-01
2.531619721006215240e-01
2.535406004449946571e-01
2.535491089471154091e-01
2.540723818275411605e-01
2.540723818275411605e-01
2.548041130099251705e-01
2.548126215120459226e-01
2.571014085825261142e-01
2.571099170846468107e-01
2.576799867267366984e-01
2.576884952288574504e-01
2.581904968539813217e-01
2.581990053561020737e-01
2.586839899769844964e-01
2.586924984791052484e-01
2.589817875512105405e-01
2.589902960533312926e-01
2.594625179210325872e-01
2.594710264231533392e-01
2.595008061805759159e-01
2.595093146826966679e-01
2.597347899888964307e-01
2.597432984910171272e-01
2.612067608557851472e-01
2.612152693579058993e-01
2.639592612918458814e-01
2.639677697939666334e-01
2.649419932867917993e-01
2.649505017889125513e-01
2.654142151544931494e-01
2.654227236566138459e-01
2.660013018008244856e-01
2.660098103029452377e-01
2.666266767066991505e-01
2.666351852088199026e-01
2.666607107151821587e-01
2.666692192173029108e-01
2.684219706541761674e-01
2.684304791562969195e-01
2.687580564879455958e-01
2.687665649900663478e-01
2.689282265303604702e-01
2.689367350324812223e-01
2.693068548747336033e-01
2.693153633768542998e-01
2.719742702895868725e-01
2.719827787917076245e-01
2.723996953956240863e-01
2.724082038977448383e-01
2.744757699130856432e-01
2.744842784152063953e-01
2.745906346917156848e-01
2.746033974448968129e-01
2.764965391667623673e-01
2.765050476688831194e-01
2.770623545577918789e-01
2.770708630599126310e-01
2.782875788631790082e-01
2.782960873652997602e-01
2.784407319013524340e-01
2.784492404034731861e-01
2.798956857639997020e-01
2.799041942661203985e-01
2.805210606698743669e-01
2.805295691719951190e-01
2.806571967038062887e-01
2.806657052059270407e-01
2.815123011669410924e-01
2.815208096690617889e-01
2.816867254604163429e-01
2.816952339625370394e-01
2.824950331618870103e-01
2.825035416640077623e-01
2.825333214214303390e-01
2.825418299235510911e-01
2.830438315486750178e-01
2.830523400507957699e-01
2.833926801356255187e-01
2.834011886377462708e-01
2.836692064545496827e-01
2.836777149566704348e-01
2.839031902628701975e-01
2.839116987649908941e-01
2.842605473519414505e-01
2.842690558540621470e-01
2.845796161814693193e-01
2.845881246835900713e-01
2.851284145682573268e-01
2.851369230703780788e-01
2.853921781340004182e-01
2.854006866361211703e-01
2.866174024393875475e-01
2.866259109415082995e-01
2.870555902986058894e-01
2.870640988007266414e-01
2.876639482002391057e-01
2.876724567023598578e-01
2.879489830212840218e-01
2.879574915234047738e-01
2.885403239186757340e-01
2.885488324207964861e-01
2.886892227057887839e-01
2.886977312079094804e-01
2.887955789822980734e-01
2.887955789822980734e-01
2.893443773690860810e-01
2.893528858712067775e-01
2.893741571265086576e-01
2.893826656286294097e-01
2.898336162410288241e-01
2.898421247431495762e-01
2.899527352707192418e-01
2.899612437728399938e-01
2.899782607770814979e-01
2.899867692792022500e-01
2.905610931723524581e-01
2.905696016744732102e-01
2.906376696914391711e-01
2.906461781935599231e-01
2.906929749552240039e-01
2.907014834573447559e-01
2.908801620018803824e-01
2.908886705040011345e-01
2.915097911588154234e-01
2.915182996609361754e-01
2.920798608009053110e-01
2.920798608009053110e-01
2.923436243666483469e-01
2.923521328687690990e-01
2.947898187263623404e-01
2.947983272284830369e-01
2.954790073981425902e-01
2.954875159002633422e-01
2.957172454575234255e-01
2.957257539596441775e-01
2.968020794779183125e-01
2.968105879800390645e-01
2.973210981072836878e-01
2.973296066094044399e-01
2.977507774643812777e-01
2.977592859665020297e-01
2.994184438800471248e-01
2.994269523821678769e-01
2.994780033948923337e-01
2.994865118970130857e-01
2.997247499563939210e-01
2.997332584585146731e-01
2.997800552201787538e-01
2.997885637222995059e-01
3.017199937037084445e-01
3.017285022058291966e-01
3.019071807503648230e-01
3.019156892524855196e-01
3.040683402890337894e-01
3.040768487911545415e-01
3.042597815867505440e-01
3.042682900888712960e-01
3.051531743094286764e-01
3.051616828115494284e-01
3.055956164197073943e-01
3.056041249218281464e-01
3.056339046792507230e-01
3.056424131813714751e-01
3.058593799854504858e-01
3.058678884875711823e-01
3.064251953764799419e-01
3.064337038786006939e-01
3.070888585418979910e-01
3.070973670440187431e-01
3.074972666436937008e-01
3.075057751458144528e-01
3.084885071407604262e-01
3.084970156428811228e-01
3.099519695055283908e-01
3.099604780076491428e-01
3.110197865216817736e-01
3.110282950238025257e-01
3.112027193172777761e-01
3.112112278193985282e-01
3.117515177040657837e-01
3.117600262061865357e-01
3.118195857210317445e-01
3.118280942231524966e-01
3.124364521247857129e-01
3.124449606269064095e-01
3.125725881587175792e-01
3.125810966608383312e-01
3.141679323063571450e-01
3.141764408084778970e-01
3.144487128763416850e-01
3.144572213784624370e-01
3.156909541859703183e-01
3.156994626880910704e-01
3.167204829425803725e-01
3.167289914447011245e-01
3.168821444828744949e-01
3.168906529849952469e-01
3.173586206016361655e-01
3.173671291037569175e-01
3.182052165626502171e-01
3.182137250647709692e-01
3.185710821538422222e-01
3.185795906559629742e-01
3.187029639367137679e-01
3.187114724388345199e-01
3.190390497704831407e-01
3.190475582726038928e-01
3.202812910801117741e-01
3.202897995822325261e-01
3.205663259011567456e-01
3.205748344032774977e-01
3.206471566713037791e-01
3.206556651734245311e-01
3.218298384660872591e-01
3.218383469682079556e-01
3.222807890784866736e-01
3.222892975806074256e-01
3.231444020437422293e-01
3.231529105458629259e-01
3.241696765492919075e-01
3.241781850514126040e-01
3.242930498300426456e-01
3.243015583321633977e-01
3.243355923406464059e-01
3.243441008427671579e-01
3.250332895145474077e-01
3.250417980166681597e-01
3.250971032804529925e-01
3.251056117825737446e-01
3.273773818488124321e-01
3.273858903509331841e-01
3.274752296232009696e-01
3.274837381253217217e-01
3.313083098285962147e-01
3.313083098285962147e-01
3.316358871602448910e-01
3.316443956623656431e-01
3.317592604409956847e-01
3.317677689431164367e-01
3.323165673299043887e-01
3.323250758320251408e-01
3.332992993248503621e-01
3.333078078269711142e-01
3.344649641153922826e-01
3.344734726175130346e-01
3.347244734300749980e-01
3.347329819321957500e-01
3.354434418592778799e-01
3.354519503613986320e-01
3.359284264801603026e-01
3.359369349822810547e-01
3.361581560374203859e-01
3.361666645395411379e-01
3.373110580747812337e-01
3.373195665769019858e-01
3.374046515981093952e-01
3.374131601002301473e-01
3.379321787295955226e-01
3.379406872317162747e-01
3.386213674013758279e-01
3.386298759034965800e-01
3.387192151757643654e-01
3.387277236778851175e-01
3.390170127499904096e-01
3.390255212521111616e-01
3.392680135625523730e-01
3.392765220646731250e-01
3.396976929196499628e-01
3.397062014217707149e-01
3.398933884684270934e-01
3.399018969705478455e-01
3.408676119612522593e-01
3.408761204633730113e-01
3.416206143989381494e-01
3.416291229010589015e-01
3.421694127857261569e-01
3.421779212878468535e-01
3.423480913302617834e-01
3.423565998323825355e-01
3.433776200868717821e-01
3.433861285889925341e-01
3.434414338527773669e-01
3.434499423548981190e-01
3.446624039071041756e-01
3.446709124092249277e-01
3.452324735491940078e-01
3.452452363023751358e-01
3.454707116085748431e-01
3.454792201106955951e-01
3.455813221361445642e-01
3.455898306382652607e-01
3.461939342888381010e-01
3.462024427909588531e-01
3.465683083821508581e-01
3.465768168842716102e-01
3.470320217477314007e-01
3.470405302498521527e-01
3.471341237731803697e-01
3.471426322753011218e-01
3.497121999157658534e-01
3.497207084178865499e-01
3.499334209709051846e-01
3.499419294730259367e-01
3.520903262585138305e-01
3.520988347606345825e-01
3.530943295087616285e-01
3.531028380108823805e-01
3.531453805214860853e-01
3.531538890236068373e-01
3.539239084655341760e-01
3.539324169676549281e-01
3.539536882229568082e-01
3.539621967250775603e-01
3.540175019888623931e-01
3.540260104909830896e-01
3.545535376224692725e-01
3.545620461245899691e-01
3.545705546267107211e-01
3.545790631288314732e-01
3.557787619278564017e-01
3.557872704299771538e-01
3.559191522128486995e-01
3.559276607149694516e-01
3.560042372340561090e-01
3.560127457361768610e-01
3.560808137531428219e-01
3.560893222552635740e-01
3.565487813697837405e-01
3.565572898719044925e-01
3.566296121399308294e-01
3.566381206420515815e-01
3.568678501993116647e-01
3.568763587014324168e-01
3.571103425097528761e-01
3.571188510118736281e-01
3.581909222790873870e-01
3.581994307812081391e-01
3.583142955598381807e-01
3.583228040619589327e-01
3.585950761298227207e-01
3.586035846319434728e-01
3.588375684402639321e-01
3.588460769423846841e-01
3.594289093376556443e-01
3.594374178397763964e-01
3.597522324182439446e-01
3.597607409203646966e-01
3.597820121756665213e-01
3.597905206777872733e-01
3.606030826303183723e-01
3.606115911324390688e-01
3.611178470086233716e-01
3.611263555107441237e-01
3.612880170510382460e-01
3.612965255531589981e-01
3.615177466082983293e-01
3.615262551104190814e-01
3.621473757652334258e-01
3.621558842673541778e-01
3.644872138484380741e-01
3.644957223505587707e-01
3.648360624353885751e-01
3.648445709375093271e-01
3.650913174990108589e-01
3.650998260011316110e-01
3.656145903794366658e-01
3.656230988815574179e-01
3.659294049579041586e-01
3.659379134600249106e-01
3.665420171105977509e-01
3.665505256127185030e-01
3.667930179231597143e-01
3.668015264252804664e-01
3.669504252123934607e-01
3.669589337145142127e-01
3.671291037569290872e-01
3.671376122590498392e-01
3.681841580199013975e-01
3.681926665220221495e-01
3.688393126831986946e-01
3.688478211853194466e-01
3.707537256603661291e-01
3.707622341624868811e-01
3.708983701964187474e-01
3.709068786985394994e-01
3.713195410513955852e-01
3.713280495535163372e-01
3.714726940895690110e-01
3.714812025916897631e-01
3.726000706205676027e-01
3.726085791226883548e-01
3.731020722456915295e-01
3.731105807478122260e-01
3.739273969514037010e-01
3.739359054535244531e-01
3.761651330091593803e-01
3.761736415112801324e-01
3.768500674298793096e-01
3.768585759320000617e-01
3.773052722933391001e-01
3.773137807954598522e-01
3.778923589396704918e-01
3.779008674417911884e-01
3.795940593638192917e-01
3.796025678659400437e-01
3.797301953977512134e-01
3.797387038998719655e-01
3.802619767802977169e-01
3.802704852824184689e-01
3.805044690907389282e-01
3.805129775928596803e-01
3.806235881204293459e-01
3.806320966225500979e-01
3.832995120374033671e-01
3.833080205395241191e-01
3.842397015217455802e-01
3.842482100238663323e-01
3.853543152995630994e-01
3.853670780527442274e-01
3.859456561969548116e-01
3.859541646990755637e-01
3.866008108602521087e-01
3.866093193623728608e-01
3.867837436558481112e-01
3.867922521579688633e-01
3.868688286770555207e-01
3.868773371791762727e-01
3.872091687618853251e-01
3.872176772640060771e-01
3.875920513573187787e-01
3.876005598594395307e-01
3.887279363904381224e-01
3.887364448925588745e-01
3.908805874269863923e-01
3.908890959291071443e-01
3.909444011928919771e-01
3.909529096950127292e-01
3.910039607077371859e-01
3.910124692098579380e-01
3.910252319630390661e-01
3.910337404651598181e-01
3.917399461411815720e-01
3.917484546433023240e-01
3.917952514049664048e-01
3.918037599070871568e-01
3.921398457408565297e-01
3.921483542429772817e-01
3.924674230725052060e-01
3.924759315746259580e-01
3.925482538426522949e-01
3.925567623447729915e-01
3.927184238850671694e-01
3.927269323871879214e-01
3.934161210589681712e-01
3.934246295610889232e-01
3.934373923142700513e-01
3.934459008163908034e-01
3.936671218715301346e-01
3.936756303736508866e-01
3.945052093304234342e-01
3.945052093304234342e-01
3.947774813982872222e-01
3.947859899004079742e-01
3.948795834237361912e-01
3.948880919258568878e-01
3.957687218953539476e-01
3.957772303974746997e-01
3.960197227079159110e-01
3.960282312100366076e-01
3.960750279717007438e-01
3.960835364738214404e-01
3.964026053033493646e-01
3.964111138054701167e-01
3.976320838597969254e-01
3.976405923619176219e-01
3.983170182805167991e-01
3.983255267826375512e-01
3.985212223314146818e-01
3.985297308335354338e-01
4.005930425978158627e-01
4.006015510999366147e-01
4.008440434103778260e-01
4.008525519124985781e-01
4.009546539379474916e-01
4.009631624400682437e-01
4.010354847080945806e-01
4.010439932102153326e-01
4.018182669032030474e-01
4.018267754053237439e-01
4.019671656903160417e-01
4.019756741924367938e-01
4.021330814816705401e-01
4.021415899837912922e-01
4.029626604384430877e-01
4.029711689405638397e-01
4.033923397955406775e-01
4.034008482976614296e-01
4.034263738040236857e-01
4.034348823061444378e-01
4.037071543740082258e-01
4.037156628761289778e-01
4.039794264418720138e-01
4.039879349439927658e-01
4.042729697650377374e-01
4.042814782671584339e-01
4.047707171391012326e-01
4.047792256412219847e-01
4.051280742281724856e-01
4.051365827302932376e-01
4.052216677515007026e-01
4.052301762536214547e-01
4.052471932578629032e-01
4.052557017599836553e-01
4.058342799041942395e-01
4.058427884063149915e-01
4.073360305285055882e-01
4.073445390306263403e-01
4.074466410560753094e-01
4.074551495581960059e-01
4.086676111104020626e-01
4.086761196125228146e-01
4.090079511952318114e-01
4.090164596973525635e-01
4.093610540332427439e-01
4.093695625353634404e-01
4.094631560586916574e-01
4.094716645608124095e-01
4.114541455549458049e-01
4.114626540570665014e-01
4.132664565066642703e-01
4.132749650087850224e-01
4.137301698722448684e-01
4.137386783743655649e-01
4.140279674464709125e-01
4.140364759485916091e-01
4.157169051174385843e-01
4.157339221216800884e-01
4.163592970275548089e-01
4.163678055296755054e-01
4.178525391497454056e-01
4.178610476518661021e-01
4.180567432006432327e-01
4.180652517027639847e-01
4.193457812719360023e-01
4.193542897740566988e-01
4.193627982761774509e-01
4.193713067782982029e-01
4.207199043644361813e-01
4.207284128665569334e-01
4.223620452737397724e-01
4.223705537758605244e-01
4.232299124900557041e-01
4.232384209921764562e-01
4.239276096639567060e-01
4.239361181660774580e-01
4.241233052127338365e-01
4.241318137148545886e-01
4.245146963102880422e-01
4.245232048124087942e-01
4.246721035995218441e-01
4.246806121016425406e-01
4.248082396334537103e-01
4.248167481355744624e-01
4.251655967225249633e-01
4.251741052246457153e-01
4.253655465223624699e-01
4.253740550244832219e-01
4.260930234536861039e-01
4.261015319558068559e-01
4.263865667768517720e-01
4.263950752789725240e-01
4.270204501848471890e-01
4.270289586869679410e-01
4.280116906819139144e-01
4.280201991840346665e-01
4.281563352179665327e-01
4.281648437200872848e-01
4.284371157879511283e-01
4.284456242900718803e-01
4.290199481832220885e-01
4.290284566853428405e-01
4.291773554724558348e-01
4.291858639745765869e-01
4.298920696505983408e-01
4.299005781527190928e-01
4.323169927550104541e-01
4.323255012571312061e-01
4.327679433674098686e-01
4.327764518695306206e-01
4.331508259628433777e-01
4.331593344649641297e-01
4.336443190858465524e-01
4.336528275879672489e-01
4.341973717236948804e-01
4.342058802258156325e-01
4.343164907533852981e-01
4.343249992555060501e-01
4.344143385277738911e-01
4.344271012809550192e-01
4.346781020935169271e-01
4.346866105956376791e-01
4.356310543310402683e-01
4.356395628331610204e-01
4.361202932029830670e-01
4.361288017051038191e-01
4.362011239731301560e-01
4.362096324752509080e-01
4.365499725600806569e-01
4.365584810622014089e-01
4.368818041427897092e-01
4.368903126449104057e-01
4.369583806618763666e-01
4.369668891639971187e-01
4.383665377628595539e-01
4.383750462649803059e-01
4.386558268349648460e-01
4.386643353370855980e-01
4.386983693455685507e-01
4.387068778476893027e-01
4.396428130809711399e-01
4.396513215830918919e-01
4.411232924499806640e-01
4.411318009521013606e-01
4.414125815220859561e-01
4.414210900242067082e-01
4.424038220191526261e-01
4.424123305212733781e-01
4.424250932744545062e-01
4.424336017765752582e-01
4.436971143415057717e-01
4.437056228436264682e-01
4.445054220429764391e-01
4.445139305450971912e-01
4.459220876460803229e-01
4.459305961482010749e-01
4.460794949353141248e-01
4.460880034374348768e-01
4.465474625519550433e-01
4.465559710540757954e-01
4.473430075002446382e-01
4.473515160023653903e-01
4.474195840193312956e-01
4.474280925214520477e-01
4.477003645893158912e-01
4.477088730914366432e-01
4.483682820057943164e-01
4.483852990100357649e-01
4.487086220906240652e-01
4.487171305927448173e-01
4.487639273544088980e-01
4.487724358565296501e-01
4.489426058989445245e-01
4.489511144010652766e-01
4.501082706894864449e-01
4.501167791916071970e-01
4.501593217022109572e-01
4.501678302043316537e-01
4.503082204893239515e-01
4.503167289914447036e-01
4.504996617870407061e-01
4.505081702891614581e-01
4.508357476208100789e-01
4.508442561229308310e-01
4.508867986335345357e-01
4.508995613867156638e-01
4.516483095733411779e-01
4.516568180754619299e-01
4.521843452069480573e-01
4.521843452069480573e-01
4.524140747642081406e-01
4.524225832663288926e-01
4.525629735513211349e-01
4.525714820534418870e-01
4.533925525080937380e-01
4.534010610102144345e-01
4.535499597973274843e-01
4.535584682994482364e-01
4.543327419924359512e-01
4.543412504945567032e-01
4.547624213495335410e-01
4.547709298516542931e-01
4.549028116345257833e-01
4.549113201366465353e-01
4.560982561824903359e-01
4.561067646846110879e-01
4.563960537567163800e-01
4.564045622588371320e-01
4.568640213733573541e-01
4.568725298754780506e-01
4.578892958789069767e-01
4.578978043810277287e-01
4.579488553937521855e-01
4.579573638958729376e-01
4.581488051935896921e-01
4.581573136957104442e-01
4.583912975040309035e-01
4.583998060061516555e-01
4.585019080316005691e-01
4.585104165337213211e-01
4.586337898144721148e-01
4.586422983165928668e-01
4.586635695718946915e-01
4.586763323250758195e-01
4.588550108696114460e-01
4.588635193717321981e-01
4.589911469035433678e-01
4.589996554056641198e-01
4.590294351630866965e-01
4.590379436652074485e-01
4.599653703963685891e-01
4.599653703963685891e-01
4.599823874006100377e-01
4.599908959027307898e-01
4.601568116940852882e-01
4.601653201962060402e-01
4.607992036042015127e-01
4.608077121063222648e-01
4.615011550291628906e-01
4.615096635312836426e-01
4.615224262844647707e-01
4.615309347865855227e-01
4.616372910630948123e-01
4.616457995652155644e-01
4.619053088798982243e-01
4.619138173820189763e-01
4.623647679944184463e-01
4.623732764965391429e-01
4.628965493769649497e-01
4.629050578790857018e-01
4.632751777213380273e-01
4.632836862234587794e-01
4.639175696314542519e-01
4.639345866356957004e-01
4.644068085033969950e-01
4.644195712565781231e-01
4.647684198435286240e-01
4.647769283456493761e-01
4.651555566900225092e-01
4.651640651921432612e-01
4.657171178299916448e-01
4.657256263321123413e-01
4.658107113533198063e-01
4.658192198554405583e-01
4.679080571260832433e-01
4.679165656282039953e-01
4.685547032872597883e-01
4.685674660404409164e-01
4.687759243423991196e-01
4.687844328445198716e-01
4.690694676655648432e-01
4.690779761676855397e-01
4.691120101761685479e-01
4.691205186782893000e-01
4.691843324441948848e-01
4.691928409463155814e-01
4.694012992482738400e-01
4.694098077503945921e-01
4.696012490481113466e-01
4.696097575502320431e-01
4.697671648394658450e-01
4.697756733415865971e-01
4.699500976350618475e-01
4.699586061371825996e-01
4.703329802304953011e-01
4.703414887326160532e-01
4.707966935960758992e-01
4.708052020981965957e-01
4.716645608123917754e-01
4.716730693145125275e-01
4.739363308786304629e-01
4.739448393807512150e-01
4.740767211636227607e-01
4.740852296657435128e-01
4.746595535588937209e-01
4.746680620610144730e-01
4.750509446564479821e-01
4.750594531585686786e-01
4.751785721882590963e-01
4.751870806903798483e-01
4.754721155114247644e-01
4.754806240135455164e-01
4.767654078337779100e-01
4.767739163358986620e-01
4.776673090585767945e-01
4.776758175606975465e-01
4.784203114962626291e-01
4.784288199983833811e-01
4.795221625208990202e-01
4.795306710230197722e-01
4.795944847889253571e-01
4.796029932910460536e-01
4.797986888398231842e-01
4.798157058440646883e-01
4.800326726481436435e-01
4.800411811502643955e-01
4.805091487669053141e-01
4.805176572690260661e-01
4.808367260985539904e-01
4.808452346006747424e-01
4.810154046430896169e-01
4.810239131452103689e-01
4.834573447517431788e-01
4.834658532538639308e-01
4.841422791724631081e-01
4.841507876745838046e-01
4.851973334354353629e-01
4.852058419375561149e-01
4.861502856729587041e-01
4.861587941750794561e-01
4.873414759698628806e-01
4.873499844719836327e-01
4.876477820462096768e-01
4.876562905483304289e-01
4.877541383227189664e-01
4.877626468248397185e-01
4.878051893354434232e-01
4.878136978375641752e-01
4.880306646416431859e-01
4.880434273948242585e-01
4.881242581649713475e-01
4.881327666670920995e-01
4.885411747688878092e-01
4.885496832710085613e-01
4.887241075644838117e-01
4.887326160666045638e-01
4.892473804449095631e-01
4.892558889470303152e-01
4.894941270064111505e-01
4.895026355085319025e-01
4.895281610148941587e-01
4.895366695170148552e-01
4.910128946349640033e-01
4.910214031370847554e-01
4.912085901837410784e-01
4.912170986858618305e-01
4.918169480853742948e-01
4.918254565874950468e-01
4.925912217783620095e-01
4.925997302804827616e-01
4.928592395951654770e-01
4.928677480972862290e-01
4.928847651015276776e-01
4.928932736036484297e-01
4.929060363568295577e-01
4.929145448589503098e-01
4.933825124755912284e-01
4.933910209777119804e-01
4.937696493220851135e-01
4.937781578242058100e-01
4.945949740277972850e-01
4.946034825299180371e-01
4.961009789031690098e-01
4.961094874052897619e-01
4.971517789150808886e-01
4.971602874172016406e-01
4.979813578718534361e-01
4.979898663739741882e-01
4.986322582840903572e-01
4.986407667862111093e-01
4.987301060584789503e-01
4.987386145605997023e-01
4.992321076836028215e-01
4.992406161857235736e-01
4.993469724622328632e-01
4.993554809643536152e-01
5.004573319889900063e-01
5.004658404911107583e-01
5.014698437413585008e-01
5.014783522434792529e-01
5.022611344385877752e-01
5.022696429407085272e-01
5.022738971917688477e-01
5.022824056938895998e-01
5.035374097566993612e-01
5.035459182588201132e-01
5.036607830374502104e-01
5.036692915395709624e-01
5.039798518669780236e-01
5.039883603690987757e-01
5.043116834496871315e-01
5.043201919518078835e-01
5.053029239467538014e-01
5.053114324488745535e-01
5.060942146439829648e-01
5.061027231461037168e-01
5.062133336736733824e-01
5.062218421757941345e-01
5.063877579671486329e-01
5.063962664692693849e-01
5.076427620299583943e-01
5.076512705320791463e-01
5.080724413870559841e-01
5.080809498891767362e-01
5.080937126423579198e-01
5.081022211444786718e-01
5.084765952377913178e-01
5.084851037399120699e-01
5.086340025270251752e-01
5.086425110291459273e-01
5.097656333090840874e-01
5.097741418112048395e-01
5.103739912107173593e-01
5.103824997128380003e-01
5.105867037637359385e-01
5.105952122658566905e-01
5.109993661165920242e-01
5.110078746187127763e-01
5.111397564015842665e-01
5.111482649037050185e-01
5.111780446611275952e-01
5.111865531632483473e-01
5.112546211802143636e-01
5.112631296823351157e-01
5.115396560012592797e-01
5.115481645033800318e-01
5.119820981115379421e-01
5.119906066136586942e-01
5.121267426475906159e-01
5.121352511497113680e-01
5.131137288935969654e-01
5.131222373957177174e-01
5.131392543999591105e-01
5.131477629020798625e-01
5.131690341573817982e-01
5.131775426595025502e-01
5.137476123015923823e-01
5.137561208037131344e-01
5.138837483355243041e-01
5.138922568376450561e-01
5.139815961099127861e-01
5.139901046120335382e-01
5.148622260794099015e-01
5.148707345815305425e-01
5.162831459335741613e-01
5.162916544356949133e-01
5.166575200268869184e-01
5.166660285290075594e-01
5.173679799539689927e-01
5.173764884560897448e-01
5.174785904815386584e-01
5.174870989836594104e-01
5.175679297538064993e-01
5.175764382559272514e-01
5.179423038471192564e-01
5.179508123492400085e-01
5.182358471702849245e-01
5.182443556724056766e-01
5.186314925188995062e-01
5.186400010210202582e-01
5.188399508208577648e-01
5.188484593229785169e-01
5.190228836164537674e-01
5.190313921185745194e-01
5.193121726885590039e-01
5.193206811906797560e-01
5.203757354536520108e-01
5.203842439557727628e-01
5.206480075215158543e-01
5.206607702746970379e-01
5.213754844528395438e-01
5.213882472060206164e-01
5.218264350652389583e-01
5.218349435673597103e-01
5.220987071331028018e-01
5.221072156352234428e-01
5.221540123968876346e-01
5.221625208990083866e-01
5.228389468176074528e-01
5.228474553197282049e-01
5.251702763986914047e-01
5.251787849008121567e-01
5.266082132570971686e-01
5.266167217592179206e-01
5.274463007159904127e-01
5.274548092181111647e-01
5.278079120561220972e-01
5.278164205582428492e-01
5.279227768347520833e-01
5.279312853368728353e-01
5.279355395879332669e-01
5.279440480900540189e-01
5.279653193453558435e-01
5.279738278474765956e-01
5.286417452639550207e-01
5.286502537660757728e-01
5.288459493148528479e-01
5.288544578169735999e-01
5.294968497270897689e-01
5.295053582292105210e-01
5.298669695693422055e-01
5.298754780714629575e-01
5.300201226075155203e-01
5.300286311096362724e-01
5.308071590536843631e-01
5.308199218068655467e-01
5.314367882106194596e-01
5.314452967127402117e-01
5.339978473489634947e-01
5.340063558510842467e-01
5.348061550504341621e-01
5.348146635525549142e-01
5.352443429096525040e-01
5.352528514117732561e-01
5.353421906840409861e-01
5.353506991861617381e-01
5.355761744923615009e-01
5.355761744923615009e-01
5.357038020241726706e-01
5.357123105262934226e-01
5.358016497985612636e-01
5.358101583006819046e-01
5.359760740920365141e-01
5.359845825941572661e-01
5.360994473727872522e-01
5.361079558749080043e-01
5.368907380700164156e-01
5.368992465721371676e-01
5.370183656018275853e-01
5.370268741039483373e-01
5.370821793677331701e-01
5.370906878698539222e-01
5.376522490098231133e-01
5.376607575119438653e-01
5.386902862685538640e-01
5.386987947706746160e-01
5.402345794034688620e-01
5.402430879055896140e-01
5.410811753644829691e-01
5.410896838666037212e-01
5.411194636240262978e-01
5.411279721261470499e-01
5.418682118106518120e-01
5.418767203127725640e-01
5.420894328657911432e-01
5.420979413679118952e-01
5.423957389421378839e-01
5.424042474442586359e-01
5.425914344909150699e-01
5.425999429930358220e-01
5.437060482687324781e-01
5.437145567708532301e-01
5.444888304638410004e-01
5.444973389659617524e-01
5.445058474680825045e-01
5.445143559702032565e-01
5.450333745995685764e-01
5.450418831016893284e-01
5.451524936292589940e-01
5.451610021313797461e-01
5.453013924163720993e-01
5.453099009184928514e-01
5.461182086199635188e-01
5.461267171220842709e-01
5.464074976920687554e-01
5.464160061941895075e-01
5.467818717853815125e-01
5.467903802875022645e-01
5.473093989168676954e-01
5.473221616700487679e-01
5.474115009423166089e-01
5.474200094444373610e-01
5.474795689592825143e-01
5.474880774614032664e-01
5.476412304995766922e-01
5.476497390016974443e-01
5.479602993291046165e-01
5.479688078312253685e-01
5.489089973155675262e-01
5.489175058176882782e-01
5.489217600687487097e-01
5.489302685708694618e-01
5.497087965149175526e-01
5.497173050170383046e-01
5.497598475276419538e-01
5.497683560297627059e-01
5.498619495530909784e-01
5.498704580552116195e-01
5.503171544165507134e-01
5.503256629186714655e-01
5.514190054411871600e-01
5.514275139433078010e-01
5.514360224454285531e-01
5.514445309475493051e-01
5.515338702198171461e-01
5.515423787219378982e-01
5.519763123300958085e-01
5.519848208322165606e-01
5.521039398619069782e-01
5.521124483640277303e-01
5.523209066659859889e-01
5.523294151681067410e-01
5.528356710442909883e-01
5.528441795464117403e-01
5.531462313716981605e-01
5.531547398738189125e-01
5.534653002012260847e-01
5.534738087033468368e-01
5.541502346219460140e-01
5.541587431240667661e-01
5.545331172173794121e-01
5.545416257195001641e-01
5.556732565015591874e-01
5.556817650036799394e-01
5.557583415227665968e-01
5.557668500248873489e-01
5.558221552886721817e-01
5.558306637907929337e-01
5.564007334328827659e-01
5.564092419350035179e-01
5.567538362708936983e-01
5.567708532751352024e-01
5.567921245304370270e-01
5.568006330325577791e-01
5.568601925474030434e-01
5.568687010495236844e-01
5.573281601640439620e-01
5.573366686661647140e-01
5.574770589511569563e-01
5.574855674532777083e-01
5.577025342573567190e-01
5.577110427594773601e-01
5.589405213159249763e-01
5.589490298180457284e-01
5.596722524983089864e-01
5.596807610004296274e-01
5.599445245661727188e-01
5.599530330682934709e-01
5.611229521098958228e-01
5.611314606120165749e-01
5.615441229648726607e-01
5.615526314669934127e-01
5.616887675009253345e-01
5.616972760030460865e-01
5.617610897689516714e-01
5.617695982710724234e-01
5.621269553601436764e-01
5.621354638622643174e-01
5.622715998961962391e-01
5.622801083983169912e-01
5.627353132617768372e-01
5.627438217638975892e-01
5.629054833041917671e-01
5.629139918063124082e-01
5.630246023338821848e-01
5.630331108360028258e-01
5.638371642864131728e-01
5.638456727885339248e-01
5.651772533704304546e-01
5.651857618725510957e-01
5.652665926426981846e-01
5.652751011448189367e-01
5.653304064086037695e-01
5.653389149107245215e-01
5.654622881914753707e-01
5.654707966935961228e-01
5.666364614841380432e-01
5.666534784883795473e-01
5.675000744493935434e-01
5.675085829515142954e-01
5.676404647343857857e-01
5.676489732365065377e-01
5.695633862136739722e-01
5.695718947157947243e-01
5.708098817743629816e-01
5.708183902764837336e-01
5.719074785479389966e-01
5.719159870500597487e-01
5.720606315861124225e-01
5.720691400882331745e-01
5.724903109432100123e-01
5.724988194453307644e-01
5.732007708702920867e-01
5.732092793724128388e-01
5.732943643936203593e-01
5.733028728957411113e-01
5.735155854487596905e-01
5.735240939508804425e-01
5.735666364614840917e-01
5.735751449636048438e-01
5.738601797846497599e-01
5.738686882867705119e-01
5.738899595420724475e-01
5.738984680441931996e-01
5.740388583291854419e-01
5.740473668313061939e-01
5.741622316099361800e-01
5.741707401120569321e-01
5.746812502393016109e-01
5.746897587414223629e-01
5.752045231197273623e-01
5.752130316218481143e-01
5.756724907363682808e-01
5.756895077406097849e-01
5.760511190807414694e-01
5.760596275828622215e-01
5.764340016761748675e-01
5.764510186804163716e-01
5.767828502631254795e-01
5.767913587652461205e-01
5.768679352843328889e-01
5.768764437864536410e-01
5.771104275947740447e-01
5.771189360968947968e-01
5.773316486499133759e-01
5.773401571520341280e-01
5.775826494624753948e-01
5.775911579645961469e-01
5.776464632283809797e-01
5.776549717305017317e-01
5.776677344836828043e-01
5.776762429858035564e-01
5.781782446109274831e-01
5.781910073641085557e-01
5.783313976491009090e-01
5.783399061512216610e-01
5.786377037254476496e-01
5.786462122275684017e-01
5.791950106143564092e-01
5.792035191164771613e-01
5.794247401716164925e-01
5.794332486737372445e-01
5.804542689282264911e-01
5.804627774303472432e-01
5.805053199409510034e-01
5.805138284430717555e-01
5.813604244040857516e-01
5.813689329062065037e-01
5.813774414083272557e-01
5.813859499104480077e-01
5.815561199528629377e-01
5.815646284549836897e-01
5.815944082124062664e-01
5.816029167145270184e-01
5.829132260411216127e-01
5.829217345432423647e-01
5.832237863685287849e-01
5.832408033727702890e-01
5.840235855678787003e-01
5.840320940699994523e-01
5.842703321293802876e-01
5.842788406315010397e-01
5.843298916442254409e-01
5.843384001463461930e-01
5.852445556222054535e-01
5.852530641243262055e-01
5.852658268775073891e-01
5.852828438817487822e-01
5.859592698003479594e-01
5.859677783024687114e-01
5.861549653491251455e-01
5.861634738512458975e-01
5.867675775018187379e-01
5.867760860039394899e-01
5.875120714373838204e-01
5.875205799395045725e-01
5.876779872287383188e-01
5.876864957308590709e-01
5.893456536444041660e-01
5.893541621465249181e-01
5.893967046571286783e-01
5.894052131592494304e-01
5.896136714612075780e-01
5.896221799633283300e-01
5.902347921160219224e-01
5.902433006181426745e-01
5.903624196478330921e-01
5.903709281499538442e-01
5.905793864519121028e-01
5.905878949540328549e-01
5.908388957665947627e-01
5.908474042687155148e-01
5.919450010422915298e-01
5.919535095444122819e-01
5.931191743349542023e-01
5.931276828370749543e-01
5.933106156326709568e-01
5.933191241347917089e-01
5.938636682705192849e-01
5.938721767726400369e-01
5.938977022790022930e-01
5.939062107811230451e-01
5.942678221212546186e-01
5.942763306233753706e-01
5.942976018786773063e-01
5.943061103807980583e-01
5.947357897378955371e-01
5.947442982400162892e-01
5.947485524910767207e-01
5.947570609931974728e-01
5.951399435886309819e-01
5.951484520907517339e-01
5.951909946013553832e-01
5.951995031034761352e-01
5.952675711204421516e-01
5.952760796225627926e-01
5.958333865114715522e-01
5.958418950135923042e-01
5.961567095920599080e-01
5.961567095920599080e-01
5.964204731578028884e-01
5.964289816599236405e-01
5.971309330848850738e-01
5.971394415870058259e-01
5.972287808592736669e-01
5.972372893613944189e-01
5.973861881485074132e-01
5.973946966506281653e-01
5.974287306591110625e-01
5.974372391612318145e-01
5.974414934122922460e-01
5.974585104165337501e-01
5.980073088033217577e-01
5.980158173054425097e-01
5.984667679178419242e-01
5.984752764199626762e-01
5.987092602282830800e-01
5.987177687304038320e-01
5.987432942367660882e-01
5.987518027388868402e-01
5.989942950493279961e-01
5.990028035514487481e-01
5.998111112529195266e-01
5.998196197550402786e-01
6.003003501248622698e-01
6.003088586269830218e-01
6.005300796821223530e-01
6.005385881842431051e-01
6.017808294938717939e-01
6.017893379959925459e-01
6.022530513615730330e-01
6.022615598636937850e-01
6.024785266677727957e-01
6.024870351698935478e-01
6.029252230291118897e-01
6.029337315312325307e-01
6.031124100757682127e-01
6.031209185778889648e-01
6.036952424710392284e-01
6.037037509731599805e-01
6.041844813429819716e-01
6.041929898451027237e-01
6.062690643625643361e-01
6.062775728646850881e-01
6.068816765152578174e-01
6.068901850173785695e-01
6.071752198384235966e-01
6.071837283405442376e-01
6.072092538469064937e-01
6.072177623490272458e-01
6.077452894805134287e-01
6.077537979826341807e-01
6.084217153991126059e-01
6.084302239012333580e-01
6.090470903049872708e-01
6.090555988071080229e-01
6.102680603593140241e-01
6.102765688614347761e-01
6.103531453805214335e-01
6.103616538826421856e-01
6.104169591464270184e-01
6.104254676485477704e-01
6.109700117842754574e-01
6.109785202863962095e-01
6.114762676604597047e-01
6.114847761625804567e-01
6.118889300133157905e-01
6.118974385154365425e-01
6.129269672720465412e-01
6.129354757741672932e-01
6.129610012805295494e-01
6.129695097826503014e-01
6.138501397521473057e-01
6.138586482542680578e-01
6.143308701219694079e-01
6.143393786240901600e-01
6.148626515045159113e-01
6.148711600066366634e-01
6.151476863255608274e-01
6.151561948276815794e-01
6.164877754095779983e-01
6.165005381627591818e-01
6.166536912009324967e-01
6.166621997030532487e-01
6.173726596301354341e-01
6.173811681322561862e-01
6.181299163188815893e-01
6.181384248210023413e-01
6.184404766462887615e-01
6.184489851484095135e-01
6.185425786717377861e-01
6.185510871738584271e-01
6.219842677795787145e-01
6.219927762816994665e-01
6.223288621154688949e-01
6.223373706175896469e-01
6.226351681918156356e-01
6.226436766939363876e-01
6.231626953233018185e-01
6.231712038254225705e-01
6.237029852079690739e-01
6.237157479611501465e-01
6.238561382461424998e-01
6.238646467482632518e-01
6.246814629518546713e-01
6.246899714539754234e-01
6.247665479730620808e-01
6.247750564751828328e-01
6.247920734794243369e-01
6.248005819815450890e-01
6.252302613386426788e-01
6.252387698407634309e-01
6.252685495981860075e-01
6.252770581003067596e-01
6.261491795676830119e-01
6.261576880698037639e-01
6.267915714777991809e-01
6.268000799799199330e-01
6.273616411198890130e-01
6.273701496220097651e-01
6.281827115745408641e-01
6.281912200766616161e-01
6.289910192760115315e-01
6.289995277781322836e-01
6.290931213014604451e-01
6.291016298035811971e-01
6.291314095610038848e-01
6.291399180631245258e-01
6.292973253523583832e-01
6.293058338544791352e-01
6.296716994456711403e-01
6.296802079477917813e-01
6.297355132115766141e-01
6.297440217136973661e-01
6.308628897425753168e-01
6.308713982446959578e-01
6.315435699122348145e-01
6.315520784143555666e-01
6.317435197120723211e-01
6.317520282141930732e-01
6.317818079716156499e-01
6.317903164737364019e-01
6.325986241752070693e-01
6.326071326773278214e-01
6.331048800513913166e-01
6.331133885535120687e-01
6.353936671218715082e-01
6.354021756239922603e-01
6.354702436409582766e-01
6.354787521430789177e-01
6.357212444535201845e-01
6.357297529556409366e-01
6.357340072067012571e-01
6.357425157088220091e-01
6.358999229980557555e-01
6.359084315001765075e-01
6.359722452660820924e-01
6.359722452660820924e-01
6.361253983042555182e-01
6.361339068063762703e-01
6.366571796868020217e-01
6.366656881889227737e-01
6.372272493288918538e-01
6.372357578310126058e-01
6.373633853628237755e-01
6.373718938649445276e-01
6.378994209964307105e-01
6.379079294985514625e-01
6.382269983280793868e-01
6.382355068302000278e-01
6.389970177700067255e-01
6.390055262721274776e-01
6.392054760719648732e-01
6.392139845740856252e-01
6.400393092797977967e-01
6.400478177819185488e-01
6.405413109049217235e-01
6.405498194070424756e-01
6.414176866233584073e-01
6.414261951254791594e-01
6.415282971509280729e-01
6.415368056530488250e-01
6.417580267081881562e-01
6.417665352103089083e-01
6.426216396734436564e-01
6.426301481755644085e-01
6.443403571018340159e-01
6.443488656039547680e-01
6.444509676294036815e-01
6.444594761315244336e-01
6.444679846336451856e-01
6.444679846336451856e-01
6.449444607524068562e-01
6.449529692545276083e-01
6.449657320077086808e-01
6.449742405098294329e-01
6.449955117651312575e-01
6.450082745183124411e-01
6.450295457736142657e-01
6.450380542757350177e-01
6.452848008372366051e-01
6.452933093393573571e-01
6.459739895090168549e-01
6.459824980111376069e-01
6.474970113886301393e-01
6.475055198907507803e-01
6.484584721282742326e-01
6.484669806303948736e-01
6.485137773920590654e-01
6.485137773920590654e-01
6.490753385320281454e-01
6.490838470341488975e-01
6.498155782165329075e-01
6.498240867186536596e-01
6.501559183013626564e-01
6.501644268034834084e-01
6.503686308543812356e-01
6.503771393565019876e-01
6.505090211393734778e-01
6.505175296414942299e-01
6.505728349052790627e-01
6.505813434073998147e-01
6.510705822793426689e-01
6.510790907814634210e-01
6.516917029341569023e-01
6.517002114362776544e-01
6.519895005083830020e-01
6.519980090105037540e-01
6.523426033463939344e-01
6.523511118485145754e-01
6.535337936432981110e-01
6.535423021454188630e-01
6.535763361539017602e-01
6.535848446560225122e-01
6.536018616602640163e-01
6.536103701623847684e-01
6.539762357535767734e-01
6.539847442556975254e-01
6.546952041827795998e-01
6.547037126849003519e-01
6.551248835398771897e-01
6.551333920419979417e-01
6.560055135093741940e-01
6.560140220114949461e-01
6.560820900284609625e-01
6.560905985305817145e-01
6.562012090581513801e-01
6.562097175602721322e-01
6.564947523813170482e-01
6.565032608834378003e-01
6.566734309258526192e-01
6.566734309258526192e-01
6.574562131209611415e-01
6.574647216230818936e-01
6.577242309377645535e-01
6.577327394398853055e-01
6.583538600946996500e-01
6.583666228478807225e-01
6.592855410769211666e-01
6.592940495790418076e-01
6.602682730718670845e-01
6.602767815739878365e-01
6.603618665951952460e-01
6.603703750973159980e-01
6.619869905002573329e-01
6.619954990023780850e-01
6.624932463764416912e-01
6.625017548785624433e-01
6.625528058912868445e-01
6.625613143934075966e-01
6.632675200694293505e-01
6.632760285715501025e-01
6.633313338353349353e-01
6.633398423374556874e-01
6.635993516521383473e-01
6.636078601542590993e-01
6.641098617793830261e-01
6.641183702815037782e-01
6.649436949872159497e-01
6.649522034893367017e-01
6.652755265699249465e-01
6.652840350720456986e-01
6.653988998506757957e-01
6.654074083527965477e-01
6.655307816335472859e-01
6.655392901356680380e-01
6.659221727311015471e-01
6.659306812332222991e-01
6.663390893350180644e-01
6.663475978371387054e-01
6.665858358965196517e-01
6.666028529007610448e-01
6.666921921730288858e-01
6.667007006751496379e-01
6.675898391467673942e-01
6.675983476488881463e-01
6.685002488736870863e-01
6.685087573758077273e-01
6.687172156777659859e-01
6.687257241798867380e-01
6.689767249924487569e-01
6.689852334945693979e-01
6.689937419966901500e-01
6.690022504988109020e-01
6.693043023240973222e-01
6.693128108262180742e-01
6.694957436218140767e-01
6.695042521239348288e-01
6.696191169025649259e-01
6.696276254046856780e-01
6.698190667024023215e-01
6.698275752045230735e-01
6.698913889704286584e-01
6.698998974725494104e-01
6.707124594250805094e-01
6.707209679272012615e-01
6.707379849314427656e-01
6.710357825056687542e-01
6.710442910077895062e-01
6.715760723903360097e-01
6.715760723903360097e-01
6.715973436456379453e-01
6.716058521477586973e-01
6.721971930451503541e-01
6.722057015472711061e-01
6.722907865684785156e-01
6.722992950705992676e-01
6.725417873810405345e-01
6.725502958831612865e-01
6.728523477084477067e-01
6.728608562105684587e-01
6.729416869807154367e-01
6.729501954828361887e-01
6.729587039849569408e-01
6.729672124870776928e-01
6.737202149247635274e-01
6.737287234268842795e-01
6.738691137118766328e-01
6.738776222139973848e-01
6.746604044091057961e-01
6.746604044091057961e-01
6.756176108976895689e-01
6.756261193998102099e-01
6.757622554337421317e-01
6.757707639358628837e-01
6.769704627348878123e-01
6.769789712370085644e-01
6.769832254880689959e-01
6.769917339901897479e-01
6.774809728621324911e-01
6.774894813642532432e-01
6.776894311640907498e-01
6.776979396662115018e-01
6.780084999936186740e-01
6.780170084957393151e-01
6.781744157849731724e-01
6.781829242870939245e-01
6.786679089079763472e-01
6.786764174100969882e-01
6.794294198477829339e-01
6.794379283499036859e-01
6.798165566942767635e-01
6.798250651963975155e-01
6.799399299750275016e-01
6.799484384771482537e-01
6.803398295747025148e-01
6.803483380768232669e-01
6.813693583313125135e-01
6.813778668334332655e-01
6.821904287859643645e-01
6.821989372880851166e-01
6.837219591676982899e-01
6.837304676698190420e-01
6.839261632185962281e-01
6.839346717207169801e-01
6.840197567419243896e-01
6.840282652440451416e-01
6.840580450014677183e-01
6.840750620057092224e-01
6.844621988522030520e-01
6.844707073543238041e-01
6.852194555409493182e-01
6.852364725451908223e-01
6.864063915867930632e-01
6.864149000889138152e-01
6.865425276207249849e-01
6.865510361228457370e-01
6.878017859345951779e-01
6.878102944367159299e-01
6.878741082026215148e-01
6.878826167047422668e-01
6.885590426233413330e-01
6.885675511254620851e-01
6.886611446487903576e-01
6.886696531509109986e-01
6.887547381721185191e-01
6.887632466742392712e-01
6.889972304825596749e-01
6.890057389846804270e-01
6.903330653155165253e-01
6.903415738176372773e-01
6.908776094512441013e-01
6.908861179533648533e-01
6.919113924589145315e-01
6.919199009610352835e-01
6.922985293054084721e-01
6.923070378075292242e-01
6.926218523859967169e-01
6.926303608881174689e-01
6.937066864063915483e-01
6.937151949085123004e-01
6.956423706388609185e-01
6.956508791409816705e-01
6.956636418941627431e-01
6.956721503962834952e-01
6.974419188373982559e-01
6.974504273395190079e-01
6.977141909052620994e-01
6.977226994073828514e-01
6.979269034582806785e-01
6.979354119604014306e-01
6.988032791767173624e-01
6.988117876788381144e-01
6.991563820147281838e-01
6.991648905168489359e-01
6.998413164354481131e-01
6.998498249375688651e-01
6.999646897161989623e-01
6.999731982183196033e-01
7.005219966051076108e-01
7.005305051072283629e-01
7.019471707103323022e-01
7.019556792124530542e-01
7.025427658587843904e-01
7.025512743609051425e-01
7.035254978537303083e-01
7.035340063558510604e-01
7.040955674958202515e-01
7.041040759979408925e-01
7.049294007036531751e-01
7.049379092057738161e-01
7.053718428139318375e-01
7.053718428139318375e-01
7.054952160946825757e-01
7.055037245968033277e-01
7.056696403881578261e-01
7.056781488902785782e-01
7.057547254093653466e-01
7.057632339114860986e-01
7.066438638809831030e-01
7.066523723831038550e-01
7.066608808852246071e-01
7.066693893873453591e-01
7.067204404000697604e-01
7.067289489021905124e-01
7.081158347478717641e-01
7.081243432499925161e-01
7.082689877860451899e-01
7.082774962881659420e-01
7.085370056028486019e-01
7.085455141049693539e-01
7.087582266579880441e-01
7.087667351601086851e-01
7.101280954994277916e-01
7.101366040015485437e-01
7.106173343713706458e-01
7.106258428734912869e-01
7.114171335707205612e-01
7.114256420728413133e-01
7.132507157777409068e-01
7.132592242798616589e-01
7.140079724664871730e-01
7.140164809686079250e-01
7.142802445343509055e-01
7.142887530364716575e-01
7.143951093129810026e-01
7.144036178151017547e-01
7.144248890704035793e-01
7.144333975725243313e-01
7.149949587124934114e-01
7.150034672146141634e-01
7.154076210653494972e-01
7.154161295674702492e-01
7.167349473961855955e-01
7.167434558983063475e-01
7.168838461832987008e-01
7.168923546854194528e-01
7.176538656252260395e-01
7.176623741273467916e-01
7.181473587482292142e-01
7.181558672503499663e-01
7.185940551095681972e-01
7.186025636116889492e-01
7.194321425684615523e-01
7.194406510705823043e-01
7.195682786023934741e-01
7.195767871045142261e-01
7.197341943937479725e-01
7.197427028958687245e-01
7.197469571469290450e-01
7.197554656490497971e-01
7.209849442054973023e-01
7.209934527076180544e-01
7.215720308518286386e-01
7.215805393539493906e-01
7.218485571707529136e-01
7.218570656728736656e-01
7.219889474557451559e-01
7.219974559578659079e-01
7.226441021190425085e-01
7.226526106211631495e-01
7.226866446296461577e-01
7.226951531317669097e-01
7.228397976678195835e-01
7.228483061699403356e-01
7.233460535440038308e-01
7.233545620461245829e-01
7.233588162971850144e-01
7.233673247993056554e-01
7.236608681224714346e-01
7.236693766245920756e-01
7.238778349265503342e-01
7.238863434286710863e-01
7.239841912030596793e-01
7.239926997051804314e-01
7.242819887772856680e-01
7.242904972794064200e-01
7.244393960665194143e-01
7.244479045686401664e-01
7.246776341259003607e-01
7.246861426280210017e-01
7.248690754236170042e-01
7.248775839257377562e-01
7.256688746229670306e-01
7.256773831250877826e-01
7.261113167332456930e-01
7.261198252353664451e-01
7.263920973032302886e-01
7.264006058053510406e-01
7.264261313117131857e-01
7.264346398138339378e-01
7.274599143193836159e-01
7.274684228215043680e-01
7.279959499529905509e-01
7.280044584551113029e-01
7.281916455017676260e-01
7.282001540038883780e-01
7.282086625060091301e-01
7.282171710081298821e-01
7.295402430879055489e-01
7.295487515900263009e-01
7.297401928877430555e-01
7.297487013898638075e-01
7.298593119174334731e-01
7.298678204195542252e-01
7.305995516019382352e-01
7.306080601040589872e-01
7.306931451252663967e-01
7.306931451252663967e-01
7.313993508012881506e-01
7.314078593034089026e-01
7.326841346215205997e-01
7.326926431236413517e-01
7.332074075019463510e-01
7.332159160040671031e-01
7.332627127657311839e-01
7.332712212678519359e-01
7.337562058887343586e-01
7.337647143908551106e-01
7.338200196546399434e-01
7.338285281567606955e-01
7.343815807946090235e-01
7.343900892967297755e-01
7.347346836326198449e-01
7.347431921347405970e-01
7.353728212916756934e-01
7.353813297937964455e-01
7.366320796055458864e-01
7.366405881076666384e-01
7.370660132137037968e-01
7.370745217158245488e-01
7.371681152391527103e-01
7.371766237412734624e-01
7.374318788048958018e-01
7.374403873070165538e-01
7.377169136259407178e-01
7.377254221280614699e-01
7.384018480466606471e-01
7.384103565487813992e-01
7.389974431951127354e-01
7.390059516972334874e-01
7.404523970577600034e-01
7.404609055598807554e-01
7.410097039466687630e-01
7.410182124487894040e-01
7.414734173122492500e-01
7.414819258143700020e-01
7.415372310781548348e-01
7.415457395802755869e-01
7.415542480823963389e-01
7.415627565845170910e-01
7.418775711629845837e-01
7.418860796651053358e-01
7.419073509204072714e-01
7.419158594225279124e-01
7.423710642859877584e-01
7.423795727881085105e-01
7.425412343284026884e-01
7.425497428305234404e-01
7.428517946558098606e-01
7.428603031579306126e-01
7.430389817024661836e-01
7.430474902045869356e-01
7.430559987067076877e-01
7.430645072088284397e-01
7.434431355532015173e-01
7.434516440553222694e-01
7.457659566321647171e-01
7.457744651342854691e-01
7.459573979298814717e-01
7.459659064320022237e-01
7.461828732360811234e-01
7.461913817382018754e-01
7.463785687848583095e-01
7.463870772869790615e-01
7.468167566440765404e-01
7.468252651461972924e-01
7.475314708222191573e-01
7.475399793243397983e-01
7.475910303370643106e-01
7.475995388391850627e-01
7.477994886390225693e-01
7.478079971411433213e-01
7.478803194091696582e-01
7.478803194091696582e-01
7.487566951276062310e-01
7.487652036297269831e-01
7.493225105186357426e-01
7.493310190207564947e-01
7.494033412887828316e-01
7.494118497909035836e-01
7.498032408884578448e-01
7.498117493905784858e-01
7.498245121437596694e-01
7.498372748969407420e-01
7.502967340114609085e-01
7.503052425135816605e-01
7.509050919130941804e-01
7.509136004152149324e-01
7.517048911124440957e-01
7.517133996145648478e-01
7.531258109666083556e-01
7.531343194687291076e-01
7.539894239318639668e-01
7.539979324339846078e-01
7.544786628038067100e-01
7.544871713059274621e-01
7.545892733313763756e-01
7.545977818334971277e-01
7.548275113907572109e-01
7.548360198928779630e-01
7.550061899352928929e-01
7.550146984374135339e-01
7.553550385222433938e-01
7.553635470243641459e-01
7.556188020879863743e-01
7.556273105901071263e-01
7.561293122152310531e-01
7.561293122152310531e-01
7.562909737555252310e-01
7.562994822576459830e-01
7.563760587767326404e-01
7.563845672788533925e-01
7.568482806444339905e-01
7.568567891465547426e-01
7.570141964357884889e-01
7.570227049379092410e-01
7.571886207292637394e-01
7.571971292313844915e-01
7.574396215418256473e-01
7.574481300439463993e-01
7.593710515232345859e-01
7.593795600253553379e-01
7.618682968956730361e-01
7.618768053977937882e-01
7.620980264529331194e-01
7.621065349550538714e-01
7.621660944698990248e-01
7.621746029720197768e-01
7.627234013588077843e-01
7.627234013588077843e-01
7.627914693757736897e-01
7.627999778778944417e-01
7.628978256522830348e-01
7.629063341544037868e-01
7.638124896302630473e-01
7.638209981323837994e-01
7.641741009703946208e-01
7.641826094725153729e-01
7.644718985446207205e-01
7.644804070467414725e-01
7.654035795268422371e-01
7.654120880289629891e-01
7.655482240628947999e-01
7.655567325650155519e-01
7.657864621222756352e-01
7.657949706243963872e-01
7.659098354030264844e-01
7.659183439051472364e-01
7.661140394539243115e-01
7.661225479560450635e-01
7.666798548449538231e-01
7.666883633470745751e-01
7.678923163971598242e-01
7.679008248992805763e-01
7.690579811877018557e-01
7.690664896898226077e-01
7.696323050808520083e-01
7.696408135829727604e-01
7.708617836372996246e-01
7.708702921394202656e-01
7.710617334371370202e-01
7.710702419392577722e-01
7.720061771725396094e-01
7.720146856746603614e-01
7.721167877001093860e-01
7.721252962022300270e-01
7.734994192947302061e-01
7.735079277968509581e-01
7.735164362989717102e-01
7.735249448010924622e-01
7.736951148435073922e-01
7.737036233456281442e-01
7.747799488639022236e-01
7.747884573660229757e-01
7.754308492761391447e-01
7.754393577782598967e-01
7.757414096035463169e-01
7.757499181056670690e-01
7.757754436120293251e-01
7.757839521141500772e-01
7.758009691183915812e-01
7.758094776205123333e-01
7.762604282329117478e-01
7.762689367350324998e-01
7.785960120650560201e-01
7.786045205671767722e-01
7.826673303298320450e-01
7.826758388319527970e-01
7.830246874189032980e-01
7.830331959210240500e-01
7.851730842043912473e-01
7.851815927065119993e-01
7.854070680127116511e-01
7.854155765148324031e-01
7.858027133613263437e-01
7.858112218634470958e-01
7.860579684249486832e-01
7.860664769270693242e-01
7.861898502078201734e-01
7.862026129610012459e-01
7.865514615479517468e-01
7.865599700500724989e-01
7.866152753138573317e-01
7.866237838159780837e-01
7.867599198499100055e-01
7.867726826030911891e-01
7.880361951680215915e-01
7.880447036701423436e-01
7.882233822146780255e-01
7.882318907167987776e-01
7.882361449678590981e-01
7.882446534699798502e-01
7.886743328270774400e-01
7.886828413291981921e-01
7.887849433546471056e-01
7.887934518567678577e-01
7.892486567202277037e-01
7.892571652223484557e-01
7.897123700858081907e-01
7.897208785879289428e-01
7.901505579450265326e-01
7.901590664471472847e-01
7.903802875022866159e-01
7.903887960044073679e-01
7.912141207101195395e-01
7.912226292122402915e-01
7.923712769985408189e-01
7.923797855006615709e-01
7.944558600181230723e-01
7.944643685202438244e-01
7.947579118434094925e-01
7.947664203455302445e-01
7.952854389748956754e-01
7.952939474770164274e-01
7.956002535533631681e-01
7.956087620554839202e-01
7.957278810851743378e-01
7.957363895872950899e-01
7.963362389868076097e-01
7.963362389868076097e-01
7.964511037654375958e-01
7.964596122675583478e-01
7.967914438502673447e-01
7.967999523523880967e-01
7.972679199690290153e-01
7.972764284711497673e-01
7.974295815093231932e-01
7.974380900114439452e-01
7.980421936620167855e-01
7.980421936620167855e-01
8.004628625153684673e-01
8.004713710174892194e-01
8.009861353957942187e-01
8.009946438979149708e-01
8.011860851956317253e-01
8.011945936977524774e-01
8.020879864204306653e-01
8.020964949225513063e-01
8.025899880455544810e-01
8.025984965476752331e-01
8.032791767173348418e-01
8.032876852194555939e-01
8.034621095129308443e-01
8.034706180150514854e-01
8.036535508106474879e-01
8.036620593127682399e-01
8.045086552737823471e-01
8.045171637759030991e-01
8.052488949582871092e-01
8.052574034604078612e-01
8.055594552856942814e-01
8.055679637878149224e-01
8.058700156131013426e-01
8.058785241152220946e-01
8.061890844426292668e-01
8.061975929447500189e-01
8.064273225020101021e-01
8.064358310041308542e-01
8.066485435571494333e-01
8.066570520592701854e-01
8.066868318166928731e-01
8.066953403188136251e-01
8.068697646122888756e-01
8.068782731144096276e-01
8.085289225258339707e-01
8.085374310279547228e-01
8.089756188871729536e-01
8.089841273892937057e-01
8.097286213248588993e-01
8.097371298269796513e-01
8.105794715369333270e-01
8.105879800390540790e-01
8.114813727617321559e-01
8.114898812638529080e-01
8.123662569822895918e-01
8.123747654844103439e-01
8.127065970671193407e-01
8.127065970671193407e-01
8.154505890010592672e-01
8.154590975031800193e-01
8.159185566177001858e-01
8.159270651198209379e-01
8.159568448772436255e-01
8.159653533793643776e-01
8.159696076304246981e-01
8.159781161325454502e-01
8.172671542038382198e-01
8.172756627059589718e-01
8.174671040036757264e-01
8.174756125057963674e-01
8.180031396372825503e-01
8.180116481394033023e-01
8.180882246584899598e-01
8.180967331606107118e-01
8.186497857984591509e-01
8.186582943005799029e-01
8.188199558408739698e-01
8.188284643429947218e-01
8.192198554405489830e-01
8.192283639426697350e-01
8.202664012014004857e-01
8.202791639545816693e-01
8.211555396730182421e-01
8.211555396730182421e-01
8.212406246942256516e-01
8.212491331963464036e-01
8.213172012133124200e-01
8.213257097154331721e-01
8.214661000004254143e-01
8.214746085025461664e-01
8.215554392726932553e-01
8.215639477748140074e-01
8.215682020258743279e-01
8.215767105279950799e-01
8.215937275322365840e-01
8.216022360343573361e-01
8.216064902854176566e-01
8.216149987875384086e-01
8.219170506128248288e-01
8.219170506128248288e-01
8.220957291573605108e-01
8.221042376594812628e-01
8.226104935356655101e-01
8.226190020377862622e-01
8.243419737172369421e-01
8.243504822193576942e-01
8.244483299937462872e-01
8.244568384958670393e-01
8.254140449844507010e-01
8.254225534865714531e-01
8.273412207147992081e-01
8.273497292169199602e-01
8.280133923823380648e-01
8.280219008844588169e-01
8.284473259904959752e-01
8.284558344926167273e-01
8.288387170880502364e-01
8.288472255901709884e-01
8.302170944316107359e-01
8.302256029337314880e-01
8.302298571847919195e-01
8.302383656869126716e-01
8.313317082094282551e-01
8.313402167115490071e-01
8.316337600347146752e-01
8.316422685368354273e-01
8.337353600585385438e-01
8.337438685606591848e-01
8.346670410407599494e-01
8.346755495428807015e-01
8.348244483299936958e-01
8.348329568321144478e-01
8.349520758618048655e-01
8.349605843639256175e-01
8.373472192087944022e-01
8.373557277109151542e-01
8.376705422893826469e-01
8.376790507915033990e-01
8.392020726711165723e-01
8.392105811732373244e-01
8.422608791835241027e-01
8.422693876856448547e-01
8.431202378977192824e-01
8.431287463998400344e-01
8.432308484252889480e-01
8.432393569274097000e-01
8.432861536890737808e-01
8.432946621911945329e-01
8.434350524761867751e-01
8.434435609783075272e-01
8.438136808205599637e-01
8.438221893226807158e-01
8.438434605779825404e-01
8.438519690801032924e-01
8.439625796076729580e-01
8.439710881097937101e-01
8.443667334584082917e-01
8.443752419605290438e-01
8.447283447985399762e-01
8.447368533006607283e-01
8.447836500623248090e-01
8.447921585644455611e-01
8.452728889342675522e-01
8.452813974363883043e-01
8.453111771938108809e-01
8.453196856959316330e-01
8.468639788308467420e-01
8.468724873329674940e-01
8.471022168902275773e-01
8.471107253923483293e-01
8.485699335060559179e-01
8.485784420081766699e-01
8.494207837181303455e-01
8.494292922202510976e-01
8.502716339302047732e-01
8.502801424323255253e-01
8.514840954824107744e-01
8.514926039845315264e-01
8.532155756639822064e-01
8.532240841661029584e-01
8.537303400422872057e-01
8.537303400422872057e-01
8.550831918794855602e-01
8.550917003816063122e-01
8.554192777132549885e-01
8.554277862153757406e-01
8.574400469669316571e-01
8.574570639711731612e-01
8.584823384767228394e-01
8.584908469788435914e-01
8.588014073062507636e-01
8.588099158083715157e-01
8.590396453656315989e-01
8.590481538677523510e-01
8.590566623698731030e-01
8.590651708719938551e-01
8.605881927516070284e-01
8.605967012537277805e-01
8.607115660323578776e-01
8.607200745344786297e-01
8.610178721087046183e-01
8.610263806108253704e-01
8.622048081545484743e-01
8.622175709077295469e-01
8.630684211198039746e-01
8.630769296219247266e-01
8.653614624413444867e-01
8.653699709434652387e-01
8.667440940359654178e-01
8.667526025380861698e-01
8.673864859460815868e-01
8.673949944482023389e-01
8.719853313423437946e-01
8.719938398444645467e-01
8.750781718632343331e-01
8.750866803653550852e-01
8.757503435307730788e-01
8.757503435307730788e-01
8.769542965808584389e-01
8.769628050829791910e-01
8.783369281754793700e-01
8.783454366776001221e-01
8.785751662348602053e-01
8.785836747369809574e-01
8.803109006674919579e-01
8.803194091696127099e-01
8.812042933901701458e-01
8.812128018922908979e-01
8.818126512918033066e-01
8.818211597939240587e-01
8.828251630441719122e-01
8.828379257973529848e-01
8.853479339229725076e-01
8.853564424250932596e-01
8.856202059908363511e-01
8.856287144929571031e-01
8.857350707694663372e-01
8.857435792715870893e-01
8.869943290833365301e-01
8.870028375854572822e-01
8.888619452988398839e-01
8.888704538009606360e-01
8.889342675668662208e-01
8.889427760689869729e-01
8.899169995618121387e-01
8.899255080639328908e-01
8.910486303438711619e-01
8.910571388459918030e-01
8.912783599011312452e-01
8.912868684032519973e-01
8.926652457468124968e-01
8.926737542489332489e-01
8.930523825933063264e-01
8.930608910954270785e-01
8.934480279419210191e-01
8.934565364440416602e-01
8.935628927205510053e-01
8.935756554737320778e-01
8.936905202523621750e-01
8.936990287544829270e-01
8.937160457587244311e-01
8.937245542608451832e-01
8.954049834296921029e-01
8.954134919318128549e-01
8.967152927562866971e-01
8.967238012584074491e-01
8.996039292262794085e-01
8.996124377284000495e-01
9.015991729735938209e-01
9.016076814757145730e-01
9.023904636708230953e-01
9.023989721729438473e-01
9.043644361628356831e-01
9.043729446649564352e-01
9.045984199711561979e-01
9.046069284732769500e-01
9.048962175453821866e-01
9.049047260475029386e-01
9.059172377998715442e-01
9.059257463019922962e-01
9.065596297099877132e-01
9.065723924631687858e-01
9.071041738457152892e-01
9.071126823478360413e-01
9.083974661680684903e-01
9.084059746701891314e-01
9.100225900731305773e-01
9.100310985752513293e-01
9.120008168162035966e-01
9.120093253183243487e-01
9.123539196542145291e-01
9.123624281563351701e-01
9.126134289688971890e-01
9.126219374710179411e-01
9.130643795812966035e-01
9.130728880834173555e-01
9.144512654269778551e-01
9.144597739290986071e-01
9.178248865178529892e-01
9.178333950199737412e-01
9.187182792405310661e-01
9.187267877426518181e-01
9.188459067723422358e-01
9.188459067723422358e-01
9.211091683364601712e-01
9.211219310896413548e-01
9.233639213984573546e-01
9.233724299005781067e-01
9.234362436664836915e-01
9.234447521686044436e-01
9.237510582449512953e-01
9.237510582449512953e-01
9.273246291356638249e-01
9.273331376377845769e-01
9.345355846829944690e-01
9.345440931851152211e-01
9.408318762523451007e-01
9.408403847544658527e-01
9.438481402541489818e-01
9.438566487562697338e-01
9.474812706597066647e-01
9.474897791618274168e-01
9.488724107564483479e-01
9.488809192585690999e-01
9.493999378879345308e-01
9.494084463900552828e-01
9.505060431636312979e-01
9.505145516657520499e-01
9.512675541034378845e-01
9.512675541034378845e-01
9.532883233571145531e-01
9.532968318592353052e-01
9.546581921985544117e-01
9.546667007006751637e-01
9.567853177287404254e-01
9.567938262308611774e-01
9.590698505481602965e-01
9.590783590502810485e-01
9.595761064243445437e-01
9.595846149264652958e-01
9.597462764667593627e-01
9.597547849688801147e-01
9.618734019969454874e-01
9.618819104990662394e-01
9.625498279155445536e-01
9.625498279155445536e-01
9.640728497951578380e-01
9.640813582972785900e-01
9.646854619478514303e-01
9.646939704499721824e-01
9.661191445551967627e-01
9.661276530573175148e-01
9.662552805891286845e-01
9.662637890912494365e-01
9.679101842516134591e-01
9.679186927537342111e-01
9.694757486418303927e-01
9.694842571439511447e-01
9.700500725349805453e-01
9.700585810371012974e-01
9.755763446624039492e-01
9.755848531645247013e-01
9.805410556498581620e-01
9.805495641519789141e-01
9.823065698399124912e-01
9.823150783420332433e-01
9.858418524710816921e-01
9.858503609732024442e-01
9.864417018705942120e-01
9.864502103727149640e-01
9.887347431921347241e-01
9.887432516942554761e-01
9.888070654601610610e-01
9.888070654601610610e-01
9.896494071701147366e-01
9.896579156722354886e-01
9.953628663441944635e-01
9.953713748463152156e-01
9.972134655554563132e-01
9.972219740575770652e-01
1.000000000000000000e+00
