0.000000000000000000e+00
7.661943319838055988e-01
7.692307692307691624e-01
7.697368421052630527e-01
7.722672064777328371e-01
7.732793522267206177e-01
7.737854251012145079e-01
7.737854251012145079e-01
7.747975708502023995e-01
7.773279352226720729e-01
7.818825910931174183e-01
7.839068825910930904e-01
7.869433198380566541e-01
7.874493927125506554e-01
7.874493927125506554e-01
7.874493927125506554e-01
7.889676113360323262e-01
7.894736842105263275e-01
7.894736842105263275e-01
7.904858299595141080e-01
7.920040485829958898e-01
7.925101214574898911e-01
7.935222672064777827e-01
7.940283400809716730e-01
7.950404858299595645e-01
7.970647773279351256e-01
8.011133603238866918e-01
8.061740890688259276e-01
8.061740890688259276e-01
8.071862348178138191e-01
8.102226720647773828e-01
8.117408906882591646e-01
8.122469635627530549e-01
8.152834008097166185e-01
8.198380566801619640e-01
8.228744939271255276e-01
8.248987854251013108e-01
8.279352226720647634e-01
8.289473684210526550e-01
8.294534412955465452e-01
8.299595141700404355e-01
8.319838056680162186e-01
8.319838056680162186e-01
8.324898785425101089e-01
8.329959514170039991e-01
8.385627530364372362e-01
8.410931174089069096e-01
8.421052631578948011e-01
8.456477732793521440e-01
8.461538461538460343e-01
8.486842105263157077e-01
8.502024291497976005e-01
8.507085020242914908e-01
8.522267206477732726e-01
8.567813765182186181e-01
8.572874493927126194e-01
8.582995951417003999e-01
8.593117408906882915e-01
8.613360323886639636e-01
8.633603238866396357e-01
8.638663967611335259e-01
8.638663967611335259e-01
8.638663967611335259e-01
8.679149797570850922e-01
8.689271255060728727e-01
8.694331983805668740e-01
8.719635627530364363e-01
8.724696356275304376e-01
8.724696356275304376e-01
8.724696356275304376e-01
8.744939271255061097e-01
8.744939271255061097e-01
8.750000000000000000e-01
8.750000000000000000e-01
8.755060728744938903e-01
8.765182186234817818e-01
8.775303643724696734e-01
8.775303643724696734e-01
8.785425101214574539e-01
8.795546558704453455e-01
8.795546558704453455e-01
8.800607287449392357e-01
8.800607287449392357e-01
8.810728744939271273e-01
8.815789473684210176e-01
8.815789473684210176e-01
8.820850202429149078e-01
8.825910931174087981e-01
8.825910931174087981e-01
8.825910931174087981e-01
8.830971659919027994e-01
8.836032388663966897e-01
8.841093117408906910e-01
8.846153846153845812e-01
8.846153846153845812e-01
8.861336032388664741e-01
8.866396761133603643e-01
8.866396761133603643e-01
8.881578947368421462e-01
8.891700404858300377e-01
8.901821862348178183e-01
8.906882591093117085e-01
8.911943319838057098e-01
8.922064777327934904e-01
8.922064777327934904e-01
8.922064777327934904e-01
8.932186234817813819e-01
8.932186234817813819e-01
8.932186234817813819e-01
8.937246963562752722e-01
8.937246963562752722e-01
8.937246963562752722e-01
8.937246963562752722e-01
8.937246963562752722e-01
8.937246963562752722e-01
8.937246963562752722e-01
8.937246963562752722e-01
8.952429149797571650e-01
8.957489878542510553e-01
8.967611336032388358e-01
8.977732793522266164e-01
8.977732793522266164e-01
8.977732793522266164e-01
8.977732793522266164e-01
8.982793522267207287e-01
8.982793522267207287e-01
8.982793522267207287e-01
8.982793522267207287e-01
8.987854251012146189e-01
8.997975708502023995e-01
9.003036437246962898e-01
9.008097165991901800e-01
9.013157894736841813e-01
9.023279352226720729e-01
9.033400809716599644e-01
9.033400809716599644e-01
9.033400809716599644e-01
9.033400809716599644e-01
9.038461538461538547e-01
9.043522267206477450e-01
9.063765182186234171e-01
9.063765182186234171e-01
9.073886639676113086e-01
9.078947368421053099e-01
9.078947368421053099e-01
9.084008097165992002e-01
9.084008097165992002e-01
9.089068825910930904e-01
9.089068825910930904e-01
9.094129554655869807e-01
9.094129554655869807e-01
9.099190283400809820e-01
9.099190283400809820e-01
9.109311740890688736e-01
9.109311740890688736e-01
9.109311740890688736e-01
9.109311740890688736e-01
9.114372469635627638e-01
9.114372469635627638e-01
9.114372469635627638e-01
9.124493927125506554e-01
9.124493927125506554e-01
9.124493927125506554e-01
9.124493927125506554e-01
9.129554655870445457e-01
9.129554655870445457e-01
9.144736842105263275e-01
9.144736842105263275e-01
9.154858299595141080e-01
9.159919028340082203e-01
9.159919028340082203e-01
9.164979757085021106e-01
9.180161943319837814e-01
9.180161943319837814e-01
9.185222672064776717e-01
9.185222672064776717e-01
9.190283400809715619e-01
9.190283400809715619e-01
9.190283400809715619e-01
9.190283400809715619e-01
9.195344129554656742e-01
9.195344129554656742e-01
9.195344129554656742e-01
9.195344129554656742e-01
9.215587044534413463e-01
9.215587044534413463e-01
9.215587044534413463e-01
9.220647773279352366e-01
9.220647773279352366e-01
9.220647773279352366e-01
9.225708502024292379e-01
9.230769230769231282e-01
9.235829959514170184e-01
9.235829959514170184e-01
9.240890688259109087e-01
9.240890688259109087e-01
9.240890688259109087e-01
9.240890688259109087e-01
9.251012145748988003e-01
9.251012145748988003e-01
9.251012145748988003e-01
9.256072874493928015e-01
9.256072874493928015e-01
9.256072874493928015e-01
9.271255060728744724e-01
9.281376518218623639e-01
9.286437246963563652e-01
9.286437246963563652e-01
9.291497975708502555e-01
9.296558704453441457e-01
9.301619433198380360e-01
9.301619433198380360e-01
9.301619433198380360e-01
9.306680161943319263e-01
9.306680161943319263e-01
9.316801619433199289e-01
9.316801619433199289e-01
9.316801619433199289e-01
9.316801619433199289e-01
9.326923076923077094e-01
9.337044534412956009e-01
9.337044534412956009e-01
9.337044534412956009e-01
9.347165991902834925e-01
9.347165991902834925e-01
9.347165991902834925e-01
9.352226720647773828e-01
9.352226720647773828e-01
9.352226720647773828e-01
9.352226720647773828e-01
9.352226720647773828e-01
9.357287449392712730e-01
9.357287449392712730e-01
9.357287449392712730e-01
9.357287449392712730e-01
9.357287449392712730e-01
9.357287449392712730e-01
9.357287449392712730e-01
9.357287449392712730e-01
9.357287449392712730e-01
9.357287449392712730e-01
9.357287449392712730e-01
9.362348178137651633e-01
9.367408906882591646e-01
9.367408906882591646e-01
9.372469635627530549e-01
9.372469635627530549e-01
9.392712550607287270e-01
9.392712550607287270e-01
9.392712550607287270e-01
9.402834008097166185e-01
9.407894736842106198e-01
9.407894736842106198e-01
9.407894736842106198e-01
9.407894736842106198e-01
9.407894736842106198e-01
9.407894736842106198e-01
9.407894736842106198e-01
9.407894736842106198e-01
9.412955465587045101e-01
9.412955465587045101e-01
9.412955465587045101e-01
9.412955465587045101e-01
9.418016194331984003e-01
9.423076923076922906e-01
9.428137651821861809e-01
9.433198380566801822e-01
9.433198380566801822e-01
9.438259109311740724e-01
9.443319838056679627e-01
9.443319838056679627e-01
9.443319838056679627e-01
9.443319838056679627e-01
9.448380566801619640e-01
9.448380566801619640e-01
9.448380566801619640e-01
9.448380566801619640e-01
9.448380566801619640e-01
9.448380566801619640e-01
9.453441295546558543e-01
9.453441295546558543e-01
9.458502024291497445e-01
9.468623481781376361e-01
9.473684210526316374e-01
9.478744939271255276e-01
9.478744939271255276e-01
9.478744939271255276e-01
9.483805668016194179e-01
9.483805668016194179e-01
9.483805668016194179e-01
9.483805668016194179e-01
9.483805668016194179e-01
9.483805668016194179e-01
9.483805668016194179e-01
9.483805668016194179e-01
9.483805668016194179e-01
9.483805668016194179e-01
9.483805668016194179e-01
9.483805668016194179e-01
9.483805668016194179e-01
9.483805668016194179e-01
9.483805668016194179e-01
9.483805668016194179e-01
9.483805668016194179e-01
9.488866396761133082e-01
9.488866396761133082e-01
9.488866396761133082e-01
9.488866396761133082e-01
9.493927125506073095e-01
9.493927125506073095e-01
9.493927125506073095e-01
9.493927125506073095e-01
9.493927125506073095e-01
9.493927125506073095e-01
9.493927125506073095e-01
9.493927125506073095e-01
9.498987854251013108e-01
9.504048582995952010e-01
9.504048582995952010e-01
9.504048582995952010e-01
9.504048582995952010e-01
9.504048582995952010e-01
9.504048582995952010e-01
9.504048582995952010e-01
9.504048582995952010e-01
9.504048582995952010e-01
9.514170040485829816e-01
9.514170040485829816e-01
9.519230769230768718e-01
9.519230769230768718e-01
9.539473684210526550e-01
9.539473684210526550e-01
9.539473684210526550e-01
9.539473684210526550e-01
9.539473684210526550e-01
9.539473684210526550e-01
9.539473684210526550e-01
9.539473684210526550e-01
9.539473684210526550e-01
9.559716599190283270e-01
9.569838056680162186e-01
9.569838056680162186e-01
9.569838056680162186e-01
9.569838056680162186e-01
9.569838056680162186e-01
9.569838056680162186e-01
9.569838056680162186e-01
9.569838056680162186e-01
9.569838056680162186e-01
9.569838056680162186e-01
9.569838056680162186e-01
9.574898785425101089e-01
9.574898785425101089e-01
9.574898785425101089e-01
9.574898785425101089e-01
9.579959514170039991e-01
9.585020242914980004e-01
9.585020242914980004e-01
9.595141700404858920e-01
9.595141700404858920e-01
9.595141700404858920e-01
9.595141700404858920e-01
9.595141700404858920e-01
9.595141700404858920e-01
9.595141700404858920e-01
9.595141700404858920e-01
9.595141700404858920e-01
9.600202429149797823e-01
9.600202429149797823e-01
9.600202429149797823e-01
9.600202429149797823e-01
9.600202429149797823e-01
9.600202429149797823e-01
9.610323886639675628e-01
9.610323886639675628e-01
9.610323886639675628e-01
9.620445344129554543e-01
9.625506072874493446e-01
9.625506072874493446e-01
9.625506072874493446e-01
9.625506072874493446e-01
9.625506072874493446e-01
9.630566801619432349e-01
9.630566801619432349e-01
9.630566801619432349e-01
9.630566801619432349e-01
9.630566801619432349e-01
9.630566801619432349e-01
9.635627530364372362e-01
9.635627530364372362e-01
9.635627530364372362e-01
9.635627530364372362e-01
9.640688259109311264e-01
9.640688259109311264e-01
9.640688259109311264e-01
9.645748987854251277e-01
9.650809716599190180e-01
9.660931174089069096e-01
9.660931174089069096e-01
9.660931174089069096e-01
9.660931174089069096e-01
9.665991902834007998e-01
9.665991902834007998e-01
9.665991902834007998e-01
9.676113360323885804e-01
9.676113360323885804e-01
9.676113360323885804e-01
9.676113360323885804e-01
9.676113360323885804e-01
9.681174089068825817e-01
9.681174089068825817e-01
9.681174089068825817e-01
9.681174089068825817e-01
9.681174089068825817e-01
9.681174089068825817e-01
9.681174089068825817e-01
9.681174089068825817e-01
9.691295546558703622e-01
9.691295546558703622e-01
9.691295546558703622e-01
9.691295546558703622e-01
9.696356275303643635e-01
9.696356275303643635e-01
9.696356275303643635e-01
9.696356275303643635e-01
9.696356275303643635e-01
9.696356275303643635e-01
9.696356275303643635e-01
9.701417004048583648e-01
9.701417004048583648e-01
9.701417004048583648e-01
9.706477732793522550e-01
9.706477732793522550e-01
9.711538461538461453e-01
9.711538461538461453e-01
9.711538461538461453e-01
9.711538461538461453e-01
9.716599190283400356e-01
9.721659919028340369e-01
9.721659919028340369e-01
9.721659919028340369e-01
9.721659919028340369e-01
9.721659919028340369e-01
9.721659919028340369e-01
9.721659919028340369e-01
9.721659919028340369e-01
9.726720647773279271e-01
9.731781376518219284e-01
9.731781376518219284e-01
9.731781376518219284e-01
9.731781376518219284e-01
9.741902834008097090e-01
9.741902834008097090e-01
9.746963562753035992e-01
9.746963562753035992e-01
9.746963562753035992e-01
9.746963562753035992e-01
9.746963562753035992e-01
9.746963562753035992e-01
9.746963562753035992e-01
9.762145748987853811e-01
9.762145748987853811e-01
9.762145748987853811e-01
9.762145748987853811e-01
9.762145748987853811e-01
9.762145748987853811e-01
9.762145748987853811e-01
9.762145748987853811e-01
9.767206477732793823e-01
9.767206477732793823e-01
9.767206477732793823e-01
9.767206477732793823e-01
9.767206477732793823e-01
9.772267206477732726e-01
9.772267206477732726e-01
9.772267206477732726e-01
9.772267206477732726e-01
9.772267206477732726e-01
9.772267206477732726e-01
9.772267206477732726e-01
9.772267206477732726e-01
9.772267206477732726e-01
9.772267206477732726e-01
9.777327935222671629e-01
9.777327935222671629e-01
9.792510121457489447e-01
9.792510121457489447e-01
9.792510121457489447e-01
9.792510121457489447e-01
9.792510121457489447e-01
9.792510121457489447e-01
9.792510121457489447e-01
9.792510121457489447e-01
9.792510121457489447e-01
9.792510121457489447e-01
9.792510121457489447e-01
9.792510121457489447e-01
9.792510121457489447e-01
9.792510121457489447e-01
9.792510121457489447e-01
9.792510121457489447e-01
9.802631578947368363e-01
9.802631578947368363e-01
9.802631578947368363e-01
9.807692307692307265e-01
9.807692307692307265e-01
9.807692307692307265e-01
9.807692307692307265e-01
9.807692307692307265e-01
9.807692307692307265e-01
9.807692307692307265e-01
9.812753036437247278e-01
9.812753036437247278e-01
9.812753036437247278e-01
9.812753036437247278e-01
9.812753036437247278e-01
9.812753036437247278e-01
9.812753036437247278e-01
9.812753036437247278e-01
9.812753036437247278e-01
9.812753036437247278e-01
9.812753036437247278e-01
9.812753036437247278e-01
9.812753036437247278e-01
9.817813765182187291e-01
9.817813765182187291e-01
9.817813765182187291e-01
9.817813765182187291e-01
9.817813765182187291e-01
9.817813765182187291e-01
9.817813765182187291e-01
9.817813765182187291e-01
9.822874493927126194e-01
9.822874493927126194e-01
9.822874493927126194e-01
9.822874493927126194e-01
9.822874493927126194e-01
9.822874493927126194e-01
9.822874493927126194e-01
9.822874493927126194e-01
9.822874493927126194e-01
9.827935222672065096e-01
9.827935222672065096e-01
9.827935222672065096e-01
9.827935222672065096e-01
9.827935222672065096e-01
9.827935222672065096e-01
9.827935222672065096e-01
9.827935222672065096e-01
9.827935222672065096e-01
9.827935222672065096e-01
9.827935222672065096e-01
9.827935222672065096e-01
9.827935222672065096e-01
9.832995951417003999e-01
9.832995951417003999e-01
9.832995951417003999e-01
9.832995951417003999e-01
9.832995951417003999e-01
9.832995951417003999e-01
9.832995951417003999e-01
9.832995951417003999e-01
9.832995951417003999e-01
9.843117408906882915e-01
9.843117408906882915e-01
9.843117408906882915e-01
9.843117408906882915e-01
9.843117408906882915e-01
9.843117408906882915e-01
9.843117408906882915e-01
9.843117408906882915e-01
9.843117408906882915e-01
9.843117408906882915e-01
9.843117408906882915e-01
9.843117408906882915e-01
9.843117408906882915e-01
9.843117408906882915e-01
9.843117408906882915e-01
9.843117408906882915e-01
9.843117408906882915e-01
9.843117408906882915e-01
9.843117408906882915e-01
9.843117408906882915e-01
9.843117408906882915e-01
9.843117408906882915e-01
9.843117408906882915e-01
9.843117408906882915e-01
9.843117408906882915e-01
9.843117408906882915e-01
9.843117408906882915e-01
9.843117408906882915e-01
9.843117408906882915e-01
9.848178137651821817e-01
9.848178137651821817e-01
9.848178137651821817e-01
9.848178137651821817e-01
9.848178137651821817e-01
9.848178137651821817e-01
9.848178137651821817e-01
9.848178137651821817e-01
9.848178137651821817e-01
9.848178137651821817e-01
9.848178137651821817e-01
9.848178137651821817e-01
9.848178137651821817e-01
9.853238866396760720e-01
9.853238866396760720e-01
9.853238866396760720e-01
9.858299595141699623e-01
9.858299595141699623e-01
9.858299595141699623e-01
9.858299595141699623e-01
9.858299595141699623e-01
9.863360323886639636e-01
9.863360323886639636e-01
9.863360323886639636e-01
9.863360323886639636e-01
9.863360323886639636e-01
9.863360323886639636e-01
9.863360323886639636e-01
9.863360323886639636e-01
9.868421052631578538e-01
9.868421052631578538e-01
9.868421052631578538e-01
9.868421052631578538e-01
9.868421052631578538e-01
9.878542510121457454e-01
9.878542510121457454e-01
9.878542510121457454e-01
9.878542510121457454e-01
9.878542510121457454e-01
9.878542510121457454e-01
9.878542510121457454e-01
9.878542510121457454e-01
9.878542510121457454e-01
9.878542510121457454e-01
9.878542510121457454e-01
9.888663967611336370e-01
9.888663967611336370e-01
9.888663967611336370e-01
9.888663967611336370e-01
9.888663967611336370e-01
9.888663967611336370e-01
9.888663967611336370e-01
9.888663967611336370e-01
9.888663967611336370e-01
9.888663967611336370e-01
9.888663967611336370e-01
9.888663967611336370e-01
9.888663967611336370e-01
9.888663967611336370e-01
9.888663967611336370e-01
9.888663967611336370e-01
9.888663967611336370e-01
9.888663967611336370e-01
9.888663967611336370e-01
9.893724696356275272e-01
9.893724696356275272e-01
9.893724696356275272e-01
9.893724696356275272e-01
9.893724696356275272e-01
9.893724696356275272e-01
9.893724696356275272e-01
9.893724696356275272e-01
9.893724696356275272e-01
9.893724696356275272e-01
9.893724696356275272e-01
9.898785425101214175e-01
9.898785425101214175e-01
9.903846153846154188e-01
9.903846153846154188e-01
9.908906882591093090e-01
9.908906882591093090e-01
9.908906882591093090e-01
9.908906882591093090e-01
9.908906882591093090e-01
9.908906882591093090e-01
9.908906882591093090e-01
9.908906882591093090e-01
9.908906882591093090e-01
9.908906882591093090e-01
9.908906882591093090e-01
9.908906882591093090e-01
9.908906882591093090e-01
9.908906882591093090e-01
9.908906882591093090e-01
9.908906882591093090e-01
9.908906882591093090e-01
9.908906882591093090e-01
9.908906882591093090e-01
9.908906882591093090e-01
9.908906882591093090e-01
9.908906882591093090e-01
9.908906882591093090e-01
9.908906882591093090e-01
9.908906882591093090e-01
9.908906882591093090e-01
9.908906882591093090e-01
9.908906882591093090e-01
9.908906882591093090e-01
9.908906882591093090e-01
9.908906882591093090e-01
9.919028340080970896e-01
9.919028340080970896e-01
9.919028340080970896e-01
9.919028340080970896e-01
9.919028340080970896e-01
9.919028340080970896e-01
9.919028340080970896e-01
9.919028340080970896e-01
9.919028340080970896e-01
9.919028340080970896e-01
9.919028340080970896e-01
9.919028340080970896e-01
9.919028340080970896e-01
9.919028340080970896e-01
9.919028340080970896e-01
9.919028340080970896e-01
9.919028340080970896e-01
9.919028340080970896e-01
9.919028340080970896e-01
9.919028340080970896e-01
9.919028340080970896e-01
9.919028340080970896e-01
9.919028340080970896e-01
9.919028340080970896e-01
9.919028340080970896e-01
9.919028340080970896e-01
9.919028340080970896e-01
9.919028340080970896e-01
9.919028340080970896e-01
9.919028340080970896e-01
9.919028340080970896e-01
9.919028340080970896e-01
9.919028340080970896e-01
9.919028340080970896e-01
9.919028340080970896e-01
9.919028340080970896e-01
9.919028340080970896e-01
9.919028340080970896e-01
9.919028340080970896e-01
9.919028340080970896e-01
9.919028340080970896e-01
9.919028340080970896e-01
9.919028340080970896e-01
9.919028340080970896e-01
9.919028340080970896e-01
9.919028340080970896e-01
9.919028340080970896e-01
9.919028340080970896e-01
9.919028340080970896e-01
9.919028340080970896e-01
9.919028340080970896e-01
9.919028340080970896e-01
9.919028340080970896e-01
9.919028340080970896e-01
9.919028340080970896e-01
9.919028340080970896e-01
9.919028340080970896e-01
9.919028340080970896e-01
9.919028340080970896e-01
9.919028340080970896e-01
9.919028340080970896e-01
9.919028340080970896e-01
9.939271255060728727e-01
9.939271255060728727e-01
9.939271255060728727e-01
9.939271255060728727e-01
9.939271255060728727e-01
9.939271255060728727e-01
9.939271255060728727e-01
9.939271255060728727e-01
9.939271255060728727e-01
9.939271255060728727e-01
9.939271255060728727e-01
9.939271255060728727e-01
9.939271255060728727e-01
9.939271255060728727e-01
9.939271255060728727e-01
9.944331983805667630e-01
9.954453441295545435e-01
9.954453441295545435e-01
9.954453441295545435e-01
9.954453441295545435e-01
9.954453441295545435e-01
9.954453441295545435e-01
9.954453441295545435e-01
9.979757085020242169e-01
9.979757085020242169e-01
9.979757085020242169e-01
9.979757085020242169e-01
9.979757085020242169e-01
9.979757085020242169e-01
9.979757085020242169e-01
9.979757085020242169e-01
9.979757085020242169e-01
9.979757085020242169e-01
9.979757085020242169e-01
9.979757085020242169e-01
9.979757085020242169e-01
9.979757085020242169e-01
9.979757085020242169e-01
9.979757085020242169e-01
9.979757085020242169e-01
9.979757085020242169e-01
9.979757085020242169e-01
9.979757085020242169e-01
9.979757085020242169e-01
9.979757085020242169e-01
9.979757085020242169e-01
9.979757085020242169e-01
9.979757085020242169e-01
9.979757085020242169e-01
9.979757085020242169e-01
9.979757085020242169e-01
9.979757085020242169e-01
9.979757085020242169e-01
9.979757085020242169e-01
9.979757085020242169e-01
9.979757085020242169e-01
9.979757085020242169e-01
9.979757085020242169e-01
9.979757085020242169e-01
9.979757085020242169e-01
9.979757085020242169e-01
9.979757085020242169e-01
9.979757085020242169e-01
9.979757085020242169e-01
9.979757085020242169e-01
9.979757085020242169e-01
9.979757085020242169e-01
9.979757085020242169e-01
9.979757085020242169e-01
9.979757085020242169e-01
9.984817813765182182e-01
9.984817813765182182e-01
9.984817813765182182e-01
9.984817813765182182e-01
9.984817813765182182e-01
9.984817813765182182e-01
9.984817813765182182e-01
9.984817813765182182e-01
9.984817813765182182e-01
9.984817813765182182e-01
9.984817813765182182e-01
9.984817813765182182e-01
9.984817813765182182e-01
9.984817813765182182e-01
9.984817813765182182e-01
9.984817813765182182e-01
9.984817813765182182e-01
9.984817813765182182e-01
9.984817813765182182e-01
9.984817813765182182e-01
9.984817813765182182e-01
9.984817813765182182e-01
9.984817813765182182e-01
9.984817813765182182e-01
9.984817813765182182e-01
9.984817813765182182e-01
9.984817813765182182e-01
9.984817813765182182e-01
9.984817813765182182e-01
9.984817813765182182e-01
9.989878542510121084e-01
9.989878542510121084e-01
9.989878542510121084e-01
9.989878542510121084e-01
9.989878542510121084e-01
9.989878542510121084e-01
9.989878542510121084e-01
9.989878542510121084e-01
9.989878542510121084e-01
9.989878542510121084e-01
9.989878542510121084e-01
9.989878542510121084e-01
9.989878542510121084e-01
9.989878542510121084e-01
9.989878542510121084e-01
9.989878542510121084e-01
9.989878542510121084e-01
9.989878542510121084e-01
9.989878542510121084e-01
9.989878542510121084e-01
9.989878542510121084e-01
9.989878542510121084e-01
9.989878542510121084e-01
9.989878542510121084e-01
9.989878542510121084e-01
9.989878542510121084e-01
9.989878542510121084e-01
9.989878542510121084e-01
9.989878542510121084e-01
9.989878542510121084e-01
9.989878542510121084e-01
9.989878542510121084e-01
9.989878542510121084e-01
9.989878542510121084e-01
9.989878542510121084e-01
9.989878542510121084e-01
9.989878542510121084e-01
9.989878542510121084e-01
9.989878542510121084e-01
9.989878542510121084e-01
9.989878542510121084e-01
9.989878542510121084e-01
9.989878542510121084e-01
9.989878542510121084e-01
9.989878542510121084e-01
9.989878542510121084e-01
9.989878542510121084e-01
9.989878542510121084e-01
9.989878542510121084e-01
9.989878542510121084e-01
9.989878542510121084e-01
9.989878542510121084e-01
9.989878542510121084e-01
9.989878542510121084e-01
9.989878542510121084e-01
9.989878542510121084e-01
9.989878542510121084e-01
9.989878542510121084e-01
9.989878542510121084e-01
9.989878542510121084e-01
9.989878542510121084e-01
9.989878542510121084e-01
9.994939271255061097e-01
9.994939271255061097e-01
9.994939271255061097e-01
9.994939271255061097e-01
9.994939271255061097e-01
9.994939271255061097e-01
9.994939271255061097e-01
9.994939271255061097e-01
9.994939271255061097e-01
9.994939271255061097e-01
9.994939271255061097e-01
9.994939271255061097e-01
9.994939271255061097e-01
9.994939271255061097e-01
1.000000000000000000e+00
1.000000000000000000e+00
1.000000000000000000e+00
1.000000000000000000e+00
1.000000000000000000e+00
1.000000000000000000e+00
1.000000000000000000e+00
1.000000000000000000e+00
1.000000000000000000e+00
1.000000000000000000e+00
1.000000000000000000e+00
1.000000000000000000e+00
1.000000000000000000e+00
1.000000000000000000e+00
1.000000000000000000e+00
1.000000000000000000e+00
1.000000000000000000e+00
1.000000000000000000e+00
1.000000000000000000e+00
1.000000000000000000e+00
1.000000000000000000e+00
1.000000000000000000e+00
1.000000000000000000e+00
1.000000000000000000e+00
1.000000000000000000e+00
1.000000000000000000e+00
1.000000000000000000e+00
1.000000000000000000e+00
1.000000000000000000e+00
1.000000000000000000e+00
1.000000000000000000e+00
1.000000000000000000e+00
1.000000000000000000e+00
1.000000000000000000e+00
1.000000000000000000e+00
1.000000000000000000e+00
1.000000000000000000e+00
1.000000000000000000e+00
1.000000000000000000e+00
1.000000000000000000e+00
1.000000000000000000e+00
1.000000000000000000e+00
1.000000000000000000e+00
1.000000000000000000e+00
1.000000000000000000e+00
1.000000000000000000e+00
1.000000000000000000e+00
1.000000000000000000e+00
1.000000000000000000e+00
1.000000000000000000e+00
1.000000000000000000e+00
1.000000000000000000e+00
1.000000000000000000e+00
1.000000000000000000e+00
1.000000000000000000e+00
1.000000000000000000e+00
1.000000000000000000e+00
1.000000000000000000e+00
1.000000000000000000e+00
1.000000000000000000e+00
