0.002098903386712327
0.0021030136099888888
0.0021059632010640658
0.0021075624802682665
0.002109056133340164
0.002110948730439539
0.0021128628007835554
0.0021144635297844017
0.0021158038555599812
0.002117300142296285
0.002118753109506082
0.0021210820094461143
0.002123041880654103
0.0021246215249105423
0.002126148615205836
0.00212760459286951
0.002129227745475391
0.002131037219816058
0.0021326472023036045
0.002134231957315361
0.0021357451978158332
0.00213747328158398
0.0021390281710876135
0.0021437901689428164
0.0021447115927305566
0.002145810890641832
0.0021470886086952744
0.002149424137075826
0.0021503784927326785
0.002154927980038562
0.002156000139659928
0.002157497303128371
0.002159053163406234
0.002160006646174296
0.002164720317258605
0.0021682738521096776
0.0021759430554821432
0.002191387050410774
0.0022219723377937704
0.0022495138955296603
0.0022597939653437264
0.0022697407717118625
0.002284118441250994
0.002285671982936117
0.0022990431512714547
0.0023279485777836424
0.0024058832123898116
0.0024318443619608344
0.0024441168030556407
0.002452598811432884
0.0024657219723779244
0.0024846469940298056
0.0025169024776714065
0.0025412568418453434
0.002551270729074674
0.0025550182316584342
0.0025585647177032997
0.002575881613732473
0.0025875118506995184
0.0026012399419601635
0.002638056506849315
0.002674812274838318
0.002702747153343896
0.0027245095330201714
0.0027398935165116097
0.002752375528980895
0.0027668183833474574
0.0027828109212628205
0.0027895502203914425
0.0027991960118554184
0.002803446020869466
0.002806829762643544
0.0028176580860500206
0.0028173207966375392
0.0028402694792262
0.002854209088219426
0.0028633284447237934
0.002876116541177571
0.0029000713228922908
0.002922361410573959
0.002933233174151777
0.002949834821241209
0.0029560734692406134
0.0029608232532948187
0.0029699742843690012
0.0029744991112777047
0.002979560938682816
0.00298888281392382
0.0030000914662032378
0.0030257186081694403
0.0030434997773048944
0.003068441206920208
0.0031060017802693133
0.003140198368628652
0.003167123710942026
0.0031786025777691637
0.003187230348651905
0.0032001248829222604
0.003211844656391375
0.0032218562344882686
0.003228664238606162
0.0032407010980180346
0.00324578937993548
0.003256164873128698
0.0032727127595886495
0.0032837215510912367
0.0032950915191577424
0.0033043863714210878
0.0033238976077395468
0.003335661064292833
0.003343436128137869
0.0033507910454876693
0.0033586139573619864
0.003363205709246765
0.003366842080051461
0.0033721496082960364
0.0033781928041746773
0.003387846445171286
0.003404985674145639
0.0034191360426975037
0.003429503488753041
0.003441498030931513
0.0034476476111726206
0.003457508485653448
0.003470287427261506
0.0034773758534413298
0.0034915160418130336
0.003501480300614894
0.003517828670303663
0.0035454604414530623
0.003554322619795843
0.003562842163195551
0.0035720249460929163
0.0035890402964605644
0.0036000439029744264
0.0036124674180403097
0.0036218014781661317
0.003633758502773326
0.003643203056736223
0.0036562527867780386
0.0036684113989173713
0.003679412490558418
0.0036903690369036904
0.0036959412255200236
0.003709064592002895
0.003717359767891683
0.0037229574811014506
0.0037324189412675053
0.0037591399821211634
0.0037767423294516817
0.003785285088900344
0.0038016937627495828
0.003810467944051178
0.003817090011947802
0.003832492054589643
0.0038470259830637025
0.003865827499233906
0.0038852125021716128
0.0038976780296128464
0.003908173802526014
0.003922037546335047
0.003932822279598085
0.0039496499903667074
0.003959662945763885
0.003971649526146693
0.003976014611045562
0.003980228296834424
0.003987648017117708
0.0039979522683503575
0.004016752798256141
0.004043359275482614
0.004067258568523387
0.004097132007594683
0.0041118214867744765
0.004124541019063428
0.00413205788240432
0.004146195528513521
0.004162436548223351
0.004183637894235593
0.004192800654485956
0.004202757418891907
0.004218360155359118
0.004228329809725159
0.004237361123072948
0.004246247853141964
0.004256018546552365
0.004262434265813025
0.004274024010980419
0.00428168621854005
0.004286610441207221
0.004292482049223951
0.004299271221097887
0.004318251634703998
0.004323336350295691
0.004330642818790765
0.004342990307716752
0.004347173012184454
0.004352480117481577
0.004356025392440703
0.004361663460430315
0.004381668240029924
0.0043865514751116694
0.004390544266859422
0.0043969007211989595
0.004402251232540869
0.0044111318318749105
0.0044270481846403024
0.004434869613030585
0.004444042995212718
0.0044639616752558614
0.004474476386223706
0.00448258896845788
0.004491017964071856
0.004504669474455228
0.00451185738128863
0.004523389232127096
0.004531722054380665
0.004551720309739016
0.004561087986353818
0.00454980175863766
0.004562503498852377
0.00456919669971314
0.004579166198449264
0.004585005438247759
0.004597679535154854
0.004604086244233123
0.0046103804270965915
0.0046199631536680994
0.004628621730858424
0.004635862042812992
0.0046434777654331535
0.004652136272392568
0.004658651372825486
0.004663449617578058
0.004669238408066611
0.004675846242111302
0.004684581117976721
0.004692177784601213
0.004697586842914233
0.004703325029576124
0.004709349358603953
0.004716298718208385
0.004723268617791944
0.004728475284288698
0.0047325939260205565
0.004736398593609252
0.004740577012563983
0.0047452232389787585
0.004749924720006994
0.004755329080441886
0.004759448332246479
0.004764456569396404
0.004771755889068873
0.0047811335881967594
0.004788624812714827
0.004795434040717059
0.0048068416396343265
0.004813086871788815
0.004820060916107283
0.004829152676278886
0.0048370823194254856
0.0048479200539318715
0.004857696319475488
0.004864268022162759
0.0048698873651817996
0.004878486771219921
0.004887067759344393
0.00489278888966711
0.004900290610281592
0.004909490677991627
0.004918873789142265
0.004927895516522055
0.004940941102769554
0.004946388832692696
0.0049529018535399575
0.004968249936499873
0.004974213433427935
0.004980444879002689
0.004997036522307834
0.005005373867649317
0.0050120946250666225
0.005028639593595426
0.005035630432096223
0.0050413930327742095
0.005050922387258041
0.005059126602315404
0.005067672601405269
0.005074193213655702
0.005083529986589461
0.005091575472975084
0.005096829334389527
0.005112602722539364
0.005122832748415484
0.005135907238583372
0.005147043344630865
0.0051519238063129505
0.005159370746684392
0.005167112228832275
0.0051756985605419135
0.005181182453909727
0.005188934517556426
0.005198975089573344
0.005209110083729254
0.005215165573508239
0.005220454788085833
0.005227039507439713
0.0052359945177317116
0.0052407081922236035
0.0052450365221868266
0.005257555720414153
0.005264971252610952
0.005272691984214272
0.005278326479064797
0.005285743625220239
0.005292150517851538
0.005305126118795769
0.00531319606671375
0.005318743949792797
0.005335399118404399
0.0053406434983945305
0.005351573187414501
0.005357729812643804
0.005363959457680663
0.005373094968629476
0.005382380134724607
0.005392708264408125
0.00540534565472111
0.00541300449423277
0.005420805250088684
0.005436716178955795
0.005442419646242723
0.005452392125315636
0.005461912116938643
0.005468338543942806
0.00548228368571236
0.005499087241666855
0.005504049085290203
0.005509517465621966
0.005519238164174716
0.005527991118965087
0.005535076277434356
0.005540292000635771
0.005546336917236833
0.005551447585461578
0.005560113025248382
0.0055837156881815165
0.0055935078630049056
0.005603913552743391
0.005613647605572236
0.005622767599953912
0.005628993932682769
0.0056416184971098265
0.005652400532808247
0.00566736734527971
0.005680892179460315
0.00569215695422946
0.005701400815487248
0.005711276259582188
0.005720783559781016
0.00573571067570903
0.005742865548690791
0.005751122529551106
0.005763280345796821
0.005775079584856984
0.005784252136498868
0.005791185056843804
0.0058010294449793755
0.005816517479350171
0.005826726525933709
0.005834249916311989
0.0058427719642728864
0.005851810103965561
0.005862566074002883
0.005870959204051924
0.005881856641797341
0.005898064999576983
0.005914864733831087
0.005936522997944114
0.005971464232397641
0.0059890527969367465
0.005995085995085995
0.006004454123755737
0.006028040269285406
0.006041697617986431
0.006063618290258449
0.0060904076080173725
0.00609588527743773
0.00610190684588934
0.006111458985597997
0.006117741450205596
0.006136666582832424
0.006149348521888152
0.00615570916797013
0.0061640288496760095
0.006177684381092235
0.006191714775106261
0.0062023385866802234
0.00621133823791462
0.006225204423977242
0.00623355389213908
0.006248959573841446
0.006256570681299521
0.006266533117600226
0.006279919699387451
0.006294337675738424
0.006306457657564518
0.006313065976714101
0.006323127356595877
0.006342027629407255
0.006348215214902695
0.006358140504481968
0.006367681407153203
0.006379335137325646
0.006389525368248773
0.006398321751671693
0.006410340615024893
0.006424349337159858
0.006438334476753391
0.006448458580546269
0.006459554979019683
0.0064701748803415405
0.006481260126968948
0.006495753800282193
0.006511441723930883
0.006531923437290858
0.006552006552006552
0.006574427095261832
0.0065935253742636325
0.006646690275129393
0.006678161863316638
0.006695111745256486
0.006707350596514377
0.0067281576153644645
0.006766312636920773
0.006795521639837353
0.006809555704398303
0.006819833417183744
0.006837511033893318
0.006851045907623193
0.0068634759004796
0.006873433054452238
0.006882739556006883
0.006895090074178736
0.006913650208967911
0.0069240482980746035
0.006931227452205778
0.006942468559722301
0.0069514679278072965
0.006961980169769598
0.006972325013215985
0.00698000400492033
0.006993407853253081
0.007016635753209967
0.007026637868970482
0.007044998484170408
0.007055081682810467
0.007064989214309499
0.00707954331142737
0.007092095510761674
0.00710407173947855
0.007113080488587004
0.0071329386830373456
0.0071456811093377065
0.0071642492219155555
0.007174782404140202
0.007185135015754292
0.0071996577211903045
0.007208407341622262
0.007226805959518015
0.0072516640111976415
0.007270067326496186
0.0072816985645933014
0.007297957471040446
0.007315717526175848
0.007330804431599229
0.0073385075348050615
0.007351050474188133
0.0073762654241352615
0.007393659100590276
0.007405150083803139
0.0074173560025640245
0.007449645911891842
0.007464405842510252
0.007481411924077523
0.007491791401396618
0.0075028946352759555
0.007520076748108376
0.007532197820932071
0.007547873083911848
0.00756337830897801
0.007573396496914542
0.007583559591798521
0.007610278573777423
0.007625323605554248
0.0076389871268920636
0.00765318173944538
0.007671059900560335
0.007684887968248446
0.00772876180783054
0.007739716210405618
0.00777512918553122
0.007790833747455155
0.007808608750140587
0.00782974335841214
0.007851246344970194
0.007879377431906615
0.007893454604515186
0.007907968172868835
0.007924731358129372
0.007947539696816079
0.007965646102406083
0.007980950816980048
0.007995262066923305
0.008012926201938931
0.007997224104030006
0.008016032064128256
0.008036529680365296
0.008057400655912367
0.008072586563479886
0.008097978851559363
0.008140884396077575
0.008161888701517706
0.008180926946350697
0.008213552361396304
0.008239419835892547
0.008259103784853759
0.008260505207709806
0.008279621503017006
0.008306390589530165
0.008324141734454709
0.008339520348084328
0.008354377832358944
0.008366678792288106
0.008395473744589873
0.008409359983285744
0.00842520234440413
0.008441252031667802
0.008454550228430394
0.008473089607746825
0.008492457010233148
0.008506216758832024
0.008522877662296412
0.00854156719189347
0.008566411861731373
0.00857980282440714
0.008596294516525174
0.008611160634694241
0.008627464989997141
0.008606344718996583
0.008619144894814178
0.008634152470875442
0.008649367930805056
0.008671510212911716
0.008689368620720802
0.008700842950689194
0.008716136631330978
0.008732910909784128
0.008747363061031499
0.008767133275007291
0.008792454209775893
0.008822612300298979
0.008847278680081666
0.0088640719445673
0.008876340216649136
0.008890449697798643
0.008904933814681108
0.008908685968819599
0.008926412883789262
0.008940711904185371
0.008953386431888978
0.008967269466447467
0.00897709809213239
0.008991759118469712
0.009010873245795553
0.009033985892648335
0.00905790249990545
0.009073860084487299
0.009093497864261984
0.009117731036451889
0.00915379911328543
0.009169570044794977
0.009184690903512809
0.00920304334460498
0.00921650119295005
0.009251747981612391
0.009273061659084309
0.009290687976414453
0.009307838793673001
0.009338142119114923
0.00936919315403423
0.009407097547084586
0.009433776464795667
0.00945612476557102
0.009476516440470067
0.009498314495340075
0.00952702971478579
0.009546777215290788
0.00956698889510266
0.009596121484093277
0.0096240782785156
0.009643065649346728
0.009655506057368623
0.009676767676767676
0.009691255614453931
0.009692987792513283
0.009711104790540815
0.009771654026207659
0.009768985008601622
0.00979566690625321
0.009812190154896839
0.009829376854599406
0.00987536747960747
0.0098909302036246
0.009910040928261275
0.009925506679429024
0.009943300258484116
0.00996615268898082
0.00996149338690775
0.009982174688057042
0.009998739654665379
0.010015570424609687
0.010046221059074312
0.010093941514515342
0.010068397128170271
0.010091332950118157
0.010113726075916957
0.010159900544433489
0.010182599355531686
0.010205399819144813
0.010277091192923117
0.01029628986010948
0.010320276949204206
0.010342119043463082
0.010358391608391608
0.010390635275549126
0.010417811380469901
0.010443058890920707
0.010463576158940398
0.01048371043726362
0.010505784830887894
0.010524679707795812
0.010511313023338678
0.010536184651100495
0.010559047896020224
0.010578216046615867
0.010602214784698668
0.0106213011093859
0.01067221380604608
0.010674220963172805
0.010693608809172438
0.010712823545466951
0.010736510975859946
0.010768175582990399
0.01078741239521781
0.01080770995869665
0.010830075879512532
0.010854035120062682
0.010880613564960267
0.01090328255937775
0.010924779068958319
0.010954252622275973
0.010978253269002168
0.011011362042362183
0.011038976257997985
0.01106101169508243
0.01109331574732677
0.011121343061556987
0.011145818543234418
0.011191635974812878
0.011215353843223164
0.011240781842915444
0.011242136484320807
0.011273145927276216
0.011299163381094336
0.011327484816350139
0.011365010276870995
0.011391177896267571
0.011422460932753299
0.011454474556443751
0.01148330034938552
0.011513681683447245
0.01154904658934539
0.011575499347338867
0.011601214424999383
0.011682533369789467
0.011729180704249956
0.011754113939878958
0.011777972685127177
0.011809045226130653
0.011839387374678826
0.011866589239275886
0.01189872133143901
0.01192170818505338
0.011952394301587706
0.011982626469085335
0.011983100755345026
0.012015404364569961
0.012040443541125318
0.012067142820307866
0.012093648250555583
0.012137559002022926
0.012198936502971536
0.012233375156838143
0.01226286552772246
0.012358719763388613
0.01238553961784788
0.012423019749416012
0.01245873708870195
0.012491325468424705
0.012529114127379327
0.012551964597022932
0.01257929254918826
0.012606739757023947
0.012632601830107702
0.012666107337140383
0.012709102759070171
0.012741628096923497
0.012775366472852346
0.012816299704239238
0.012846907683439018
0.012879079751224614
0.012910344827586207
0.01296075770583511
0.013000722262347908
0.013087614306887776
0.01314569815454622
0.013228560122109786
0.013347403245586515
0.013382516942609592
0.013456396101095489
0.01346403344385181
0.013500621548957821
0.013540549160601932
0.013585059343728183
0.013622309083484043
0.013731255513084387
0.013781095995514504
0.013875271117449565
0.013960301327274901
0.014008038874557562
0.014012930386408058
0.014097289448209099
0.014130632542907393
0.014163703230904835
0.014232918970098653
0.014270839713358241
0.01438626821437392
0.014418316831683169
0.014567052203813692
0.014545910530110662
0.014668689934243804
0.014718010530990294
0.014649214993153085
0.014705882352941176
0.01472097498396408
0.014755046933264754
0.01477991480573125
0.014819128971720701
0.014861444610292686
0.014904487617559959
0.014941928748531907
0.014981028391992673
0.015015901117996132
0.015049452896526797
0.015105540897097626
0.015157030810470927
0.015199787601221293
0.015285008677079161
0.015353156112768596
0.015440110575464383
0.015590958605664488
0.015634067246970473
0.01568761774276417
0.015738290780385553
0.015805093519221478
0.015845009513924927
0.015906643975966382
0.015994971013480477
0.01607130324935083
0.016098918519040405
0.016079443050500054
0.016146775967919372
0.016211786503242356
0.016262777896919007
0.01633576275446092
0.016392851995964835
0.01645212612091409
0.01656774569420675
0.016687449570894155
0.01671145139323444
0.016884227751124994
0.01689478984074889
0.016948518407662375
0.016962509851015124
0.01693958215697346
0.01688002718930554
0.016930535565487462
0.01700719095993608
0.017089115724280308
0.01716194425247639
0.017238719629772463
0.017266131222597292
0.017340139500448114
0.017417511448588986
0.01751968503937008
0.017609814008705975
0.0176678445229682
0.01771818508320364
0.01782130529019828
0.017877274923498148
0.017934321606010422
0.01801728685630808
0.01803966282526367
0.01810454043892272
0.01815722600213132
0.018213962667543788
0.01827030148059554
0.018324715615305066
0.018386320245704326
0.018432795362608948
0.018513089005235604
0.018572989326834186
0.0186552990334698
0.018725639722081005
0.018810912031323148
0.018934201507882113
0.019041874892297087
0.019035258490157907
0.01904472690989545
0.019111053066910452
0.019149215231932845
0.01917844290353726
0.019245166688686307
0.01917384581400486
0.019260639950295123
0.019359443304487467
0.019434866329317988
0.019547788487523646
0.01962823933788612
0.019666621247218057
0.01975995984119016
0.01982146944380865
0.019941051855945472
0.020029604958830605
0.020147031453564116
0.020222305249392863
0.02043132803632236
0.020521590423257803
0.020583599980896893
0.02068336692580862
0.020717899301373164
0.020811150905043076
0.020895087224840857
0.020991993751220465
0.021023228462216995
0.021129882283406395
0.021204033214709372
0.02131994831527681
0.021431782984463205
0.021522099031756385
0.02154760106731108
0.02159728895857569
0.021710392515761644
0.021802399795762064
0.02189631300958925
0.02194227889927203
0.022113278397830394
0.022186175501020356
0.022309918442515127
0.022414886868259674
0.022453974672767905
0.022592215857379947
0.02269427265393923
0.022794792848268783
0.022903663500678427
0.022942779291553132
0.023059648354055978
0.023230149533741654
0.023316349136021267
0.023302374728880484
0.023422214768852367
0.02353139391216444
0.023566555787337205
0.023657252815665854
0.023768907085181395
0.023862533538847975
0.023978889398806793
0.024072794287030637
0.024208026872068106
0.024303738589452874
0.024407333878313675
0.0245362761211552
0.024638962569997053
0.02476009951427556
0.02489428860699184
0.025046437773383667
0.025173140620295093
0.02528123865973146
0.025391811444538937
0.025515810035404714
0.025650466372115856
0.025778600061671292
0.025914445133292004
0.026027397260273973
0.02609131961866533
0.02623116211614856
0.026395939086294416
0.026528920349467508
0.026673506027186458
0.02680585089245441
0.026986701265001623
0.02711864406779661
0.027218469207057127
0.027340404506225706
0.02746525479814692
0.027596320490601255
0.027753569752631227
0.027957860615883307
0.028117359413202935
0.028243962341383544
0.02838487972508591
0.02863481938570339
0.028798549612997697
0.028982456140350877
0.029089882087128434
0.029284241950387375
0.029512893982808024
0.029676582871137364
0.029878888969468418
0.029878004236978596
0.030075740863298773
0.030276112221481976
0.030454206999255398
0.030489175219117537
0.03060224617471923
0.030811262047507018
0.030927835051546393
0.031098825155494125
0.03127654645146343
0.03147643163225555
0.031685977772523057
0.031899698460561815
0.03223220012828736
0.03241674058543666
0.032645769043365275
0.03260869565217391
0.032738340050999425
0.03295793309042729
0.03325515161668621
0.03401885175664096
0.03429805615550756
0.034392686112320416
0.03453413971426067
0.03450411395204813
0.03467950432379424
0.0348607367475292
0.035119478638667635
0.035427319211102995
0.03540881081578221
0.03563824863463853
0.03588785046728972
0.03608101742816769
0.0358599753344085
0.03621730382293763
0.03630044410117783
0.0361845313566761
0.03655532564784708
0.0371482927806148
0.037122969837587005
0.0372829417773238
0.037644389438943895
0.03794967768766895
0.03830010493179433
0.03857566765578635
0.03867108214934302
0.03885898815931109
0.03914552157883323
0.03949239689311892
0.03981910434590779
0.04049355019629838
0.04081169935381476
0.04118050789293068
0.04139760147601476
0.04190074906367041
0.04227680680207841
0.04274116523400191
0.04327329868246102
0.04329216093921976
0.04368752313957793
0.04383116883116883
0.04399344510273541
0.044697745901639344
0.04520139878254112
0.045782500327954875
0.04634178727924578
0.04677571988644045
0.04760594386351128
0.048118617988529865
0.04926745188164321
