0.000000000000000000e+00
2.721997455957865797e-01
2.727198277879170352e-01
2.731378079545986326e-01
2.735323897404481341e-01
2.738216788125534262e-01
2.741481925814370224e-01
2.744172739610055145e-01
2.747150715352316142e-01
2.749660723477935220e-01
2.752872683028516065e-01
2.755148707345815295e-01
2.757520452311972847e-01
2.760381436150072809e-01
2.762902079903343244e-01
2.765550351188424960e-01
2.768900573898468442e-01
2.771463760162342083e-01
2.774250294606885880e-01
2.776951744030222158e-01
2.780791205612208050e-01
2.783194857461318006e-01
2.785630416193380920e-01
2.788119153063698952e-01
2.790565347423412668e-01
2.792926456761919418e-01
2.795819347482972339e-01
2.798446347512752452e-01
2.801530679531522017e-01
2.804391663369621979e-01
2.807656801058457940e-01
2.810368886109445019e-01
2.814452967127402117e-01
2.817388400359058243e-01
2.820291926707763075e-01
2.822908291109891277e-01
2.825694825554435630e-01
2.828002756754686708e-01
2.830353230465542658e-01
2.833341841835453900e-01
2.835724222429262253e-01
2.838042789257165244e-01
2.840744238680501521e-01
2.843488230614441559e-01
2.846189680037777836e-01
2.848572060631586189e-01
2.851560672001497432e-01
2.853932416967654984e-01
2.856687044529245822e-01
2.859420400835534504e-01
2.864653129639792573e-01
2.867971445466882541e-01
2.870566538613710250e-01
2.873555149983621493e-01
2.875714182396760243e-01
2.880372587307867271e-01
2.883265478028920747e-01
2.886626336366614476e-01
2.889593676481223561e-01
2.892688644127644482e-01
2.895507085455140683e-01
2.898102178601967838e-01
2.900771721142351711e-01
2.903536984331593351e-01
2.906291611893184190e-01
2.908897340667662146e-01
2.911598790090998423e-01
2.914193883237825577e-01
2.917501563437264744e-01
2.921043227445024870e-01
2.924233915740303558e-01
2.927392697152629841e-01
2.930115417831268276e-01
2.933316741754197765e-01
2.936198996847599885e-01
2.939836381504217777e-01
2.942612280321110774e-01
2.945366907882702168e-01
2.948727766220395896e-01
2.951854640749769221e-01
2.954811345236727504e-01
2.957480887777111378e-01
2.961501155029163113e-01
2.964893920249809800e-01
2.968382406119314809e-01
2.971413559999830367e-01
2.974274543837930329e-01
2.977209977069587010e-01
2.980177317184196650e-01
2.983357369851824537e-01
2.986154539924019136e-01
2.989281414453392460e-01
2.991940321366124977e-01
2.995024653384894542e-01
2.997630382159372497e-01
3.000491365997473014e-01
3.003841588707516497e-01
3.006670665662663500e-01
3.010148515904517708e-01
3.013115856019127348e-01
3.015817305442463625e-01
3.018561297376403663e-01
3.021092576757324899e-01
3.024400256956764066e-01
3.027782386549759952e-01
3.030398750951888709e-01
3.033089564747573630e-01
3.035663386639099182e-01
3.038726447402567143e-01
3.041619338123620064e-01
3.044841933301851711e-01
3.047660374629348468e-01
3.050117204616713540e-01
3.052680390880587735e-01
3.054935143942584808e-01
3.057477058951156845e-01
3.059859439544965198e-01
3.062358812042934031e-01
3.064868820168553665e-01
3.067814889027861147e-01
3.070505702823546623e-01
3.072802998396147456e-01
3.075908601670218623e-01
3.079184374986705386e-01
3.081779468133532540e-01
3.084810622014047543e-01
3.087714148362751820e-01
3.091223905487558432e-01
3.094074253698007593e-01
3.097073500695569637e-01
3.100274824618500236e-01
3.103316614126666040e-01
3.105730901603427352e-01
3.110251043355072298e-01
3.113558723554512020e-01
3.115898561637716613e-01
3.118642553571656650e-01
3.121365274250294530e-01
3.124151808694838328e-01
3.126629909937505003e-01
3.129076104297218719e-01
3.131958359390621394e-01
3.134734258207513835e-01
3.137765412088028838e-01
3.140594489043176396e-01
3.143030047775239311e-01
3.146752517453065279e-01
3.149570958780561480e-01
3.152644655171680244e-01
3.155867250349911890e-01
3.159228108687606174e-01
3.162684687674158224e-01
3.165577578395211700e-01
3.169916914476790804e-01
3.172831076453145882e-01
3.176170663535537453e-01
3.179499614990279333e-01
3.182647760774954260e-01
3.185125862017620935e-01
3.187678412653844329e-01
3.190720202162010133e-01
3.194559663743996025e-01
3.198431032208934877e-01
3.201323922929987797e-01
3.204961307586605690e-01
3.207864833935309967e-01
3.210204672018514560e-01
3.213491080962652124e-01
3.216479692332563367e-01
3.219372583053616843e-01
3.222233566891716250e-01
3.224722303762034281e-01
3.227296125653559278e-01
3.231784360522251820e-01
3.235900348423161876e-01
3.239250571133204804e-01
3.241952020556541081e-01
3.245291607638933207e-01
3.247865429530458203e-01
3.251534721070029610e-01
3.256576008576569925e-01
3.260341020764999653e-01
3.263010563305382972e-01
3.265509935803351249e-01
3.269243041108828018e-01
3.274369413636576409e-01
3.278336502750373582e-01
3.281388927886190188e-01
3.284685972457978553e-01
3.287504413785475310e-01
3.290227134464113745e-01
3.294747276215758691e-01
3.298522924031839221e-01
3.301203102199873340e-01
3.304372519239850425e-01
3.308031175151770475e-01
3.312381146861000381e-01
3.316635397921373074e-01
3.319985620631416001e-01
3.323484742128572367e-01
3.326739244189756417e-01
3.330132009410403660e-01
3.333503503375748189e-01
3.336758005436932795e-01
3.339948693732212037e-01
3.344373114834998661e-01
3.348297661438192074e-01
3.351105467138037475e-01
3.353636746518958711e-01
3.358529135238386698e-01
3.362421774958627152e-01
3.366452677838330243e-01
3.371121718377088627e-01
3.374280499789414911e-01
3.378226317647909371e-01
3.381289378411377333e-01
3.384192904760081055e-01
3.387606941236029900e-01
3.390733815765403780e-01
3.394530734836785912e-01
3.397668244993810038e-01
3.401996945447738896e-01
3.405985305816837672e-01
3.410228921249558454e-01
3.412707022492225684e-01
3.416578390957163980e-01
3.419194755359292737e-01
3.422513071186382705e-01
3.425565496322200421e-01
3.431213014604843625e-01
3.437254051110572028e-01
3.440795715118332154e-01
3.445337128125279258e-01
3.449070233430755472e-01
3.452494905534355119e-01
3.455664322574332203e-01
3.458472128274178159e-01
3.461322476484627320e-01
3.464917318630641452e-01
3.468278176968335735e-01
3.470873270115162890e-01
3.475499768143317514e-01
3.478935075874567406e-01
3.482115128542195848e-01
3.485327088092776693e-01
3.488698582058121223e-01
3.491825456587495102e-01
3.496568946519810206e-01
3.501727225930510445e-01
3.507023768500674432e-01
3.510373991210717359e-01
3.515702440663833195e-01
3.518627238267839075e-01
3.523551533870220021e-01
3.527146376016234708e-01
3.531304906427747969e-01
3.539185906517087199e-01
3.544195287140675110e-01
3.548013477467358845e-01
3.550874461305459917e-01
3.553905615185974365e-01
3.558627833862987311e-01
3.563722299507783298e-01
3.568593416971909127e-01
3.573400720670130148e-01
3.578973789559217189e-01
3.584546858448304785e-01
3.588652210721563485e-01
3.592215145984625213e-01
3.597075627821100241e-01
3.601436235157982058e-01
3.605094891069900997e-01
3.612646186702062057e-01
3.617208870964310763e-01
3.623037194917020920e-01
3.627738142338732263e-01
3.632151927813868086e-01
3.636927324629135594e-01
3.639745765956631796e-01
3.642904547368958634e-01
3.646903543365708211e-01
3.650849361224203227e-01
3.653923057615322545e-01
3.656986118378789952e-01
3.661006385630841131e-01
3.663601478777668286e-01
3.666505005126372563e-01
3.669206454549708840e-01
3.671971717738950480e-01
3.675141134778928120e-01
3.678980596360914013e-01
3.682128742145589495e-01
3.685287523557915224e-01
3.688659017523260308e-01
3.692051782743906441e-01
3.698879855695804131e-01
3.703399997447449632e-01
3.706697042019237998e-01
3.711036378100817101e-01
3.714216430768445543e-01
3.716864702053527258e-01
3.720268102901824747e-01
3.723511969335358551e-01
3.726723928885939396e-01
3.729446649564577276e-01
3.732658609115158121e-01
3.736849046409624897e-01
3.739646216481819496e-01
3.743528220574408594e-01
3.746314755018952947e-01
3.749824512143759558e-01
3.754195755108292176e-01
3.757950131669070548e-01
3.761098277453746030e-01
3.765480156045928894e-01
3.770883054892601449e-01
3.774850144006398067e-01
3.778083374812281070e-01
3.784539200796395719e-01
3.787846880995835441e-01
3.790665322323331643e-01
3.794462241394713220e-01
3.798386787997907188e-01
3.801460484389025396e-01
3.807544063405358115e-01
3.811617508795663856e-01
3.819211346938428120e-01
3.822986994754508649e-01
3.826592472528174138e-01
3.829421549483320586e-01
3.832644144661553343e-01
3.839036156879762074e-01
3.842003496994371714e-01
3.845864229831659209e-01
3.849108096265193013e-01
3.851756367550274174e-01
3.854500359484214767e-01
3.857616598385937290e-01
3.860222327160415245e-01
3.863657634891665693e-01
3.866518618729765655e-01
3.869400873823167775e-01
3.871985331342344128e-01
3.875069663361113692e-01
3.878207173518138373e-01
3.880780995409663370e-01
3.883386724184140770e-01
3.886460420575260089e-01
3.889768100774699255e-01
3.892512092708638738e-01
3.896202655503512302e-01
3.899201902501073791e-01
3.906221416750688125e-01
3.911060627331861550e-01
3.916218906742562345e-01
3.919877562654482395e-01
3.924748680118608224e-01
3.929524076933876287e-01
3.933225275356399542e-01
3.937192364470196715e-01
3.940712757222654683e-01
3.943775817986122645e-01
3.946413453643553559e-01
3.949327615619908083e-01
3.952911822138271969e-01
3.956389672380126177e-01
3.959154935569367262e-01
3.962122275683977457e-01
3.965515040904623589e-01
3.970949846634249103e-01
3.977373765735410793e-01
3.980202842690558906e-01
3.985201587686495461e-01
3.991731863064166830e-01
3.995113992657162716e-01
3.998581207271365567e-01
4.001069944141683599e-01
4.005568814638026387e-01
4.010099592017323800e-01
4.013534899748573137e-01
4.017087199383984619e-01
4.020235345168659546e-01
4.023894001080579597e-01
4.028807661055309186e-01
4.031658009265758902e-01
4.034795519422783028e-01
4.038315912175240996e-01
4.041283252289850636e-01
4.045526867722571418e-01
4.048558021603086976e-01
4.051121207866961171e-01
4.053992827332712490e-01
4.057204786883293335e-01
4.063660612867407984e-01
4.066670495492620829e-01
4.070541863957559681e-01
4.073636831603980046e-01
4.077008325569324576e-01
4.081049864076678468e-01
4.084166102978401547e-01
4.088462896549377446e-01
4.092110916833646139e-01
4.095407961405434505e-01
4.099619669955202883e-01
4.104171718589800788e-01
4.108032451427088283e-01
4.112797212614704989e-01
4.116615402941388724e-01
4.120369779502167651e-01
4.124315597360662666e-01
4.127835990113120634e-01
4.132345496237115334e-01
4.136078601542590993e-01
4.139875520613973681e-01
4.142853496356234122e-01
4.147043933650700342e-01
4.150064451903564544e-01
4.153840099719644519e-01
4.156424557238820872e-01
4.159104735406855546e-01
4.165539290135668038e-01
4.169463836738861451e-01
4.172952322608366460e-01
4.176036654627136580e-01
4.179333699198924390e-01
4.183662399652852693e-01
4.187108343011754497e-01
4.190373480700589903e-01
4.194404383580292439e-01
4.197212189280138395e-01
4.201041015234472931e-01
4.203891363444922091e-01
4.207284128665568779e-01
4.212974189458816854e-01
4.217451788699858595e-01
4.220110695612591112e-01
4.223226934514313635e-01
4.226832412287978569e-01
4.230703780752916865e-01
4.235691890121203729e-01
4.239797242394462984e-01
4.243509076444637040e-01
4.246667857856963879e-01
4.251166728353306667e-01
4.255410343786028005e-01
4.258675481474863966e-01
4.262344773014434818e-01
4.269300473498143234e-01
4.273363283260798728e-01
4.277638805576472469e-01
4.281063477680071561e-01
4.284105267188237920e-01
4.287880915004317894e-01
4.291231137714360822e-01
4.295464117519430802e-01
4.298112388804512518e-01
4.302143291684216164e-01
4.305621141926069262e-01
4.308971364636112744e-01
4.312449214877966952e-01
4.316341854598207406e-01
4.320787546956296188e-01
4.323956963996273273e-01
4.327807061205909966e-01
4.331199826426556654e-01
4.334592591647203341e-01
4.339931676727970533e-01
4.343590332639890028e-01
4.348355093827507289e-01
4.352768879302643112e-01
4.356927409714156374e-01
4.361330559561641951e-01
4.364999851101212247e-01
4.368764863289641975e-01
4.372317162925052902e-01
4.378783624536818353e-01
4.384760847276641393e-01
4.389323531538890100e-01
4.393545875716309279e-01
4.398895596424727272e-01
4.403936883931268143e-01
4.407053122832990666e-01
4.411115932595646161e-01
4.415657345602593820e-01
4.419869054152361643e-01
4.424240297116893705e-01
4.428154208092436317e-01
4.432791341748241742e-01
4.436864787138548039e-01
4.441842260879183546e-01
4.446734649598611533e-01
4.450956993776030712e-01
4.455062346049289967e-01
4.459210240833152428e-01
4.464006908903722093e-01
4.468218617453490471e-01
4.472643038556277095e-01
4.477822589222280047e-01
4.481959848378492262e-01
4.487703087309994343e-01
4.491425556987820311e-01
4.498168544918509926e-01
4.501944192734590455e-01
4.507410905347168373e-01
4.512005496492370038e-01
4.516100213137977937e-01
4.521556290122905053e-01
4.529724452158819248e-01
4.535116715377841556e-01
4.539775120288948584e-01
4.544858950306093215e-01
4.550634096120548255e-01
4.554867075925618236e-01
4.561057011218460078e-01
4.564598675226220204e-01
4.568108432351026815e-01
4.572990185442803446e-01
4.577574140960354310e-01
4.583274837381253186e-01
4.587114298963239634e-01
4.592527833437562435e-01
4.600600274824618863e-01
4.606141436830752944e-01
4.612480270910707669e-01
4.617298210236578937e-01
4.622935092891572451e-01
4.627689218451537800e-01
4.632188088947881144e-01
4.638888534367966998e-01
4.645440081000939969e-01
4.652012898889215098e-01
4.656543676268511400e-01
4.661776405072769469e-01
4.666094469899046415e-01
4.668976724992448535e-01
4.674060555009593720e-01
4.678601968016540269e-01
4.683356093576506174e-01
4.691513619984769567e-01
4.695927405459905946e-01
4.701011235477050576e-01
4.705595190994601440e-01
4.714295134413061805e-01
4.718921632441216985e-01
4.723452409820513287e-01
4.728227806635780794e-01
4.731865191292399242e-01
4.737884956542824932e-01
4.742245563879706749e-01
4.746361551780616805e-01
4.749530968820594445e-01
4.753168353477212338e-01
4.757816122760668565e-01
4.761942746289229422e-01
4.765484410296989548e-01
4.770355527761115377e-01
4.774960754533967844e-01
4.778406697892869648e-01
4.782288701985458745e-01
4.785968629152680953e-01
4.792871151498134252e-01
4.797965617142930239e-01
4.803666313563828560e-01
4.808101370294266541e-01
4.814578467533682793e-01
4.821970228751079057e-01
4.828702581054118426e-01
4.834126751156092583e-01
4.838508629748276002e-01
4.844262504307428885e-01
4.850675787780940329e-01
4.860630735262210789e-01
4.864938164460837489e-01
4.869851824435567078e-01
4.874286881166005059e-01
4.879487703087309614e-01
4.884528990593850484e-01
4.889719176887504792e-01
4.893707537256603568e-01
4.900376075793737018e-01
4.905300371396117409e-01
4.911692383614326696e-01
4.916797484886773484e-01
4.921977035552776436e-01
4.926731161112741786e-01
4.931783084246933457e-01
4.936260683487975198e-01
4.939823618751036927e-01
4.944567108683352030e-01
4.948098137063460800e-01
4.952182218081417897e-01
4.957202234332657165e-01
4.963498525902007574e-01
4.967625149430568432e-01
4.973889534116966438e-01
4.978845736602299787e-01
4.986450210372714853e-01
4.991682939176972922e-01
4.997341093087267483e-01
5.002010133626025867e-01
5.005349720708417438e-01
5.011284400937636718e-01
5.018272008304298648e-01
5.023196303906678484e-01
5.028248227040870155e-01
5.033619219004590306e-01
5.037947919458518609e-01
5.042574417486673788e-01
5.050253340650645573e-01
5.056273105901071263e-01
5.060187016876613875e-01
5.065185761872551540e-01
5.069163486613998959e-01
5.073332652653164132e-01
5.081639077848539854e-01
5.089615798586737405e-01
5.095922725783739171e-01
5.105494790669576899e-01
5.110429721899607536e-01
5.115609272565611043e-01
5.121607766560736241e-01
5.131062839542412934e-01
5.140996515768381236e-01
5.148792430836512946e-01
5.155992750756193121e-01
5.162352856091448894e-01
5.166894269098396553e-01
5.172584329891644073e-01
5.178327568823146709e-01
5.183592204510356627e-01
5.189346079069510065e-01
5.196418771457378405e-01
5.206501346470460145e-01
5.213967557081413684e-01
5.221742200894243791e-01
5.230559136216864635e-01
5.236610808350243840e-01
5.243279346887377290e-01
5.248203642489758236e-01
5.252340901645969895e-01
5.257520452311972292e-01
5.261551355191675938e-01
5.265475901794868241e-01
5.270006679174163988e-01
5.273771691362594272e-01
5.279908448517180997e-01
5.285832493118748365e-01
5.290320727987440907e-01
5.294628157186068718e-01
5.298882408246440301e-01
5.303030303030302761e-01
5.306827222101685448e-01
5.311294185715075278e-01
5.317505392263218722e-01
5.324503635257531453e-01
5.330448951114401535e-01
5.336447445109525622e-01
5.340818688074058240e-01
5.344849590953760776e-01
5.350720457417074138e-01
5.355070429126305154e-01
5.359782012175666743e-01
5.364121348257245847e-01
5.367822546679770213e-01
5.374597441493412786e-01
5.382095558987318729e-01
5.386041376845813744e-01
5.391072028724703813e-01
5.395560263593395245e-01
5.401080154344228834e-01
5.406249069382580430e-01
5.410162980358123042e-01
5.415736049247210637e-01
5.422713020986220656e-01
5.427669223471554005e-01
5.432955130414065525e-01
5.437411458399806774e-01
5.440825494875755064e-01
5.444845762127805688e-01
5.449440353273008464e-01
5.452854389748956754e-01
5.458448729893345952e-01
5.465032183409271882e-01
5.469573596416218431e-01
5.474795689592825143e-01
5.478496888015349509e-01
5.482580969033306051e-01
5.486813948838377142e-01
5.492216847685049697e-01
5.496471098745421280e-01
5.501725098804980396e-01
5.509287030064792257e-01
5.514445309475493051e-01
5.520507617236523057e-01
5.525102208381725832e-01
5.530547649739001592e-01
5.535110334001250854e-01
5.540917386698658298e-01
5.547086050736198537e-01
5.554669253251310890e-01
5.560869824171803533e-01
5.566581156220353765e-01
5.571984055067026320e-01
5.577152970105377916e-01
5.583640702972445524e-01
5.592893699028754773e-01
5.599764314491255668e-01
5.604518440051221573e-01
5.610793460365269825e-01
5.614834998872623162e-01
5.621429088016199893e-01
5.627161691320051728e-01
5.633660059814770138e-01
5.641583602414713683e-01
5.647528918271582654e-01
5.653846481096235221e-01
5.658409165358484483e-01
5.662365618844630299e-01
5.668619367903376949e-01
5.674564683760247030e-01
5.679159274905449806e-01
5.686210696038015433e-01
5.690879736576774928e-01
5.695516870232579798e-01
5.702217315652665652e-01
5.706950169957329955e-01
5.712033999974474030e-01
5.717330542544637462e-01
5.721797506158028401e-01
5.727849178291407606e-01
5.733156356489221839e-01
5.738548619708243592e-01
5.744259951756792715e-01
5.750737048996209522e-01
5.755597530832684550e-01
5.760330385137348852e-01
5.765478028920398845e-01
5.771572243564381255e-01
5.776496539166762201e-01
5.781835624247528838e-01
5.787419328764268345e-01
5.792077733675374818e-01
5.795949102140314224e-01
5.804298069846294261e-01
5.809711604320617617e-01
5.815082596284337768e-01
5.820517402013962727e-01
5.828132511412028594e-01
5.832790916323136177e-01
5.836789912319886309e-01
5.841469588486294384e-01
5.845181422536469551e-01
5.849308046065030409e-01
5.853838823444327266e-01
5.859390621078112149e-01
5.862794021926409638e-01
5.867346070561008098e-01
5.871525872227824072e-01
5.876173641511279744e-01
5.880736325773529005e-01
5.888000459459115099e-01
5.892158989870628361e-01
5.896987564824150985e-01
5.903390212670011072e-01
5.909250443505673633e-01
5.915121309968986996e-01
5.919726536741839462e-01
5.924395577280597847e-01
5.930691868849948811e-01
5.935892690771252811e-01
5.941072241437256318e-01
5.948761800228878904e-01
5.956004662659162285e-01
5.960875780123288115e-01
5.966214865204054751e-01
5.973085480666556757e-01
5.977967233758332277e-01
5.983497760136816668e-01
5.988677310802819065e-01
5.997558059891345827e-01
6.002333456706614445e-01
6.010203821168302873e-01
6.019127112767432841e-01
6.024508740358803793e-01
6.032262112916331187e-01
6.039526246601917281e-01
6.046705295266294744e-01
6.054915999812813254e-01
6.061775979647663348e-01
6.068721044503719853e-01
6.077569886709294211e-01
6.086535720819028494e-01
6.092746927367171939e-01
6.100330129882285402e-01
6.106445615781570524e-01
6.111784700862337161e-01
6.116336749496934511e-01
6.119889049132345438e-01
6.124366648373387179e-01
6.133077227419498900e-01
6.137703725447654080e-01
6.142713106071241436e-01
6.148669057555762318e-01
6.155497130507660009e-01
6.161825328959963377e-01
6.168472596241795225e-01
6.174460454609268512e-01
6.186063924376432599e-01
6.191073305000021065e-01
6.194923402209657759e-01
6.199252102663586061e-01
6.204591187744353808e-01
6.210993835590213896e-01
6.216768981404668937e-01
6.224160742622065756e-01
6.229712540255850639e-01
6.235796119272182247e-01
6.243549491829710751e-01
6.251909095163341590e-01
6.259545475816710169e-01
6.267809358501482686e-01
6.280061601555354533e-01
6.292228759588018860e-01
6.300099124049707289e-01
6.305757277960001295e-01
6.318083970407429861e-01
6.328240994814068321e-01
6.343694561790869102e-01
6.361222076159602778e-01
6.377079796987139559e-01
6.393001331580581148e-01
6.402435133306956239e-01
6.413357922904462383e-01
6.418782093006436540e-01
6.425865421021955681e-01
6.437915587150460084e-01
6.446275190484090922e-01
6.459388919377688776e-01
6.469779927592647084e-01
6.479990130137539550e-01
6.488317826588217985e-01
6.498868369217941643e-01
6.511780021186169831e-01
6.523319677187429111e-01
6.536433406081026964e-01
6.545771487158543733e-01
6.553248333397146963e-01
6.561246325390646117e-01
6.573573017838074684e-01
6.584463900552627313e-01
6.599694119348759047e-01
6.615839002122871904e-01
6.628708111580496887e-01
6.639758528709812646e-01
6.651308820338723837e-01
6.659913043108325326e-01
6.669836083706643937e-01
6.681460824729109627e-01
6.695499853228339404e-01
6.708592310866633435e-01
6.720578663229231919e-01
6.729459412317757572e-01
6.742700768743167261e-01
6.752283469256655790e-01
6.763972024045027398e-01
6.771374420890075019e-01
6.784498785411321453e-01
6.792603133681331951e-01
6.801526425280460808e-01
6.808333226977056896e-01
6.825733113813978736e-01
6.841792911566884072e-01
6.852970956228010557e-01
6.866105956376908903e-01
6.873646616381419161e-01
6.888823657039296888e-01
6.900788738146592660e-01
6.909775843511628546e-01
6.920007317311823725e-01
6.928335013762501049e-01
6.941150945081873136e-01
6.958891172003625059e-01
6.973483253140699833e-01
6.982066204655001940e-01
6.995243747314503491e-01
7.007091836517640449e-01
7.020535269868416473e-01
7.032553529113967361e-01
7.044944035327300735e-01
7.057845051667879233e-01
7.075202395994196758e-01
7.094761315244257904e-01
7.108109027946174496e-01
7.122328862115469006e-01
7.134804453350009901e-01
7.153374259228534315e-01
7.166775150068706024e-01
7.179250741303246919e-01
7.196937790086743725e-01
7.212061652606367446e-01
7.230269847144759066e-01
7.249233171246367569e-01
7.265920471030676842e-01
7.278895936764813168e-01
7.296699977452469899e-01
7.322927435239662275e-01
7.351090577259327130e-01
7.382540128223127329e-01
7.405406727672626532e-01
7.422232290616398442e-01
7.444758549981068674e-01
7.459754784968880559e-01
7.474017161648778274e-01
7.486918177989355661e-01
7.498319570831153413e-01
7.513773137807955305e-01
7.537596943746038836e-01
7.558006713208174077e-01
7.581585899710284737e-01
7.603218766352277669e-01
7.643495888266349514e-01
7.690430913089905118e-01
7.719476812204595362e-01
7.740833152527663019e-01
7.759211517108470790e-01
7.782418456642801186e-01
7.792011792783939406e-01
7.817260772827248072e-01
7.842913906721290518e-01
7.883137850497109467e-01
7.912268834633007231e-01
7.945919960520549941e-01
7.981325964970497067e-01
8.019358969450223196e-01
8.052744204646493653e-01
8.096169472345240425e-01
8.132192343198940687e-01
8.165375501469843700e-01
8.207056526233839078e-01
8.257022704937909685e-01
8.289418826762642301e-01
8.318241377696663497e-01
8.348871985331342005e-01
8.378768734658107453e-01
8.407612556847430252e-01
8.432159585465777152e-01
8.484242254072381639e-01
8.564243445262678112e-01
8.614560599679229602e-01
8.649934697246223214e-01
8.686117102514687716e-01
8.720767977401419069e-01
8.773233528603456843e-01
8.867486460846000229e-01
8.923748931119420691e-01
8.982010899391217329e-01
9.056385843554172199e-01
9.105192738844289924e-01
9.151223735317516317e-01
9.171037909631198914e-01
9.216111699615840980e-01
9.309981749262951078e-01
9.407042487205340420e-01
9.450691103084757350e-01
9.476333601351150104e-01
9.508261755559243023e-01
9.534042516985097304e-01
9.566151476863256065e-01
9.595675979222237917e-01
9.618425586767577196e-01
9.696437915587150513e-01
9.741192636742265210e-01
9.778257799105756209e-01
9.789839997617618694e-01
9.811579220536120749e-01
9.831478479871010867e-01
9.850771508429798651e-01
9.856216949787074411e-01
9.862077180622736972e-01
9.867554528862966245e-01
9.875010103846268983e-01
9.882901739563257903e-01
9.888644978494760540e-01
9.894452031192169095e-01
9.900663237740311429e-01
9.906215035374097422e-01
9.912224164996872311e-01
9.918180116481394304e-01
9.926752432368044499e-01
9.933101902075649470e-01
9.940429849527140371e-01
9.946683598585885910e-01
9.953554214048387916e-01
9.961084238425246262e-01
9.967688963196473795e-01
9.973985254765824759e-01
9.980324088845777819e-01
9.987822206339684872e-01
9.996043546513854183e-01
1.000000000000000000e+00
