1.000000000000000000e+00
3.551537205427229837e-02
3.496804229956714666e-02
3.440588520780762938e-02
3.401878119620188601e-02
3.368863082814556320e-02
3.294041212066095570e-02
3.328809069558434641e-02
3.262363441286790511e-02
3.246409368748496421e-02
3.233518032314324636e-02
3.216802950448096471e-02
3.205554143650107823e-02
3.116441351986900393e-02
3.146031620798003109e-02
3.175060949310221092e-02
3.087788014347896820e-02
3.032791218316582479e-02
3.062562357035462229e-02
3.009727531855621238e-02
2.977971555268166259e-02
2.956602029445343921e-02
2.937807025448398862e-02
2.916349904038790727e-02
2.898188718206887865e-02
2.886391638613808666e-02
2.878900117581803531e-02
2.852480141905981356e-02
2.880373331254853370e-02
2.831911851148246478e-02
2.818007447671553450e-02
2.801986172874251085e-02
2.769503236275019931e-02
2.758675128881029476e-02
2.756240402351176066e-02
2.748738647273651567e-02
2.736017928095254778e-02
2.731306950914456216e-02
2.717231251398505298e-02
2.696490917376857116e-02
2.680420202538367699e-02
2.651883040290056032e-02
2.671941286206364410e-02
2.634089216879874351e-02
2.616691450058921536e-02
2.622457016738509450e-02
2.611850756712663646e-02
2.599585129833564129e-02
2.594733827803647266e-02
2.578291431251347396e-02
2.553924001021063567e-02
2.538366406186056551e-02
2.523526762170898163e-02
2.510169356446934064e-02
2.514022845603710449e-02
2.487158818936607146e-02
2.473500412779429392e-02
2.457158446920877301e-02
2.447535367108727433e-02
2.436711858952512327e-02
2.391973415809735617e-02
2.407101184830999496e-02
2.422204113466919911e-02
2.391976212652034001e-02
2.380341505939197883e-02
2.367774965408145360e-02
2.362441458829030172e-02
2.313974605440744306e-02
2.332727003754868356e-02
2.350323319271218486e-02
2.288505964752138994e-02
2.304698763725980884e-02
2.260427187257683934e-02
2.276337120038824519e-02
2.248013073087524669e-02
2.233617981360076082e-02
2.210516396832361286e-02
2.223502902647698024e-02
2.198041669423788161e-02
2.173684642186613294e-02
2.187093674031918150e-02
2.145416912574107937e-02
2.163401962723487948e-02
2.133847098061641967e-02
2.107425179233620924e-02
2.120276746685714059e-02
2.096934773975420857e-02
2.061102737944927113e-02
2.074048193402065060e-02
2.086277941685440659e-02
2.051246416947127144e-02
2.040194473573367362e-02
2.031341497019124864e-02
2.010901243447573566e-02
2.020904786069952982e-02
2.004428099561121612e-02
1.982833577243710982e-02
1.993440106392738859e-02
1.974593291538427262e-02
1.966533961730161650e-02
1.959694139482768410e-02
1.951231648124995138e-02
1.943705411229323249e-02
1.914313762939349670e-02
1.923363539225721869e-02
1.935164076090615387e-02
1.888955701024482708e-02
1.899185534016668148e-02
1.907910018210359424e-02
1.822716374211827764e-02
1.830111320992001273e-02
1.838033493640058719e-02
1.845149047918506410e-02
1.853286643723615901e-02
1.861157629737579533e-02
1.870294858595625970e-02
1.880770303344792005e-02
1.819039822533778661e-02
1.812769123549223468e-02
1.806336795471016887e-02
1.775294617908158845e-02
1.784932053636930152e-02
1.794142645071298073e-02
1.800988136032677378e-02
1.742322827509576455e-02
1.752084869002265566e-02
1.760362836446504459e-02
1.769095731879128525e-02
1.735706814548302820e-02
1.730033043140057070e-02
1.722684413298418774e-02
1.715811457799761020e-02
1.710575735870883962e-02
1.701076505463681304e-02
1.674690068379635147e-02
1.681704872372891124e-02
1.688756203208892706e-02
1.694872718413813900e-02
1.668849741371673800e-02
1.663825576268419815e-02
1.655412991087667693e-02
1.662603902371921627e-02
1.650840922324713078e-02
1.637868830675161605e-02
1.644752803522206430e-02
1.624175710904781841e-02
1.633180910662237681e-02
1.611518631811172456e-02
1.618739089275358228e-02
1.597399753790049171e-02
1.605217937085909319e-02
1.584105196537623217e-02
1.590624560692937076e-02
1.555669824708636254e-02
1.562827103226596681e-02
1.570171820169179167e-02
1.576610738225368846e-02
1.539175394112183258e-02
1.544622033738294806e-02
1.549955667914204582e-02
1.513077972855158410e-02
1.518981954948812191e-02
1.526998784753039878e-02
1.534908111025035798e-02
1.501076985839111359e-02
1.506912079703036193e-02
1.493044087459967535e-02
1.499600813806246068e-02
1.489293059563777735e-02
1.479173044530912064e-02
1.484680199662355773e-02
1.475375511706237576e-02
1.464954908149808041e-02
1.473519332433248508e-02
1.451935222630265816e-02
1.458198925276188267e-02
1.430335796659914192e-02
1.437079293361866184e-02
1.441803322671097662e-02
1.447910382542431929e-02
1.406719395090377800e-02
1.411064557138311942e-02
1.415747054275064490e-02
1.422529269384499410e-02
1.388779711230743799e-02
1.395436510989898557e-02
1.404048312533900944e-02
1.374447446515849290e-02
1.379124855347472339e-02
1.384576508952036107e-02
1.371029989144117653e-02
1.364601994477857017e-02
1.355227189913615210e-02
1.359540892361481984e-02
1.332009053619611673e-02
1.338601082749490100e-02
1.345365221624258631e-02
1.351166550362355515e-02
1.318492638243707986e-02
1.323384772191158604e-02
1.328704802212464162e-02
1.304515742261484409e-02
1.309287802155164986e-02
1.314319031523905265e-02
1.302619470262743329e-02
1.298018053664671059e-02
1.289343008024852223e-02
1.293390102101986405e-02
1.286663192150806420e-02
1.280573154711132228e-02
1.263963405629515979e-02
1.270483318278706197e-02
1.276130639623775098e-02
1.255160684461834389e-02
1.260444772290584582e-02
1.240191796981999703e-02
1.244332827490729140e-02
1.248849950639393559e-02
1.252776109636037638e-02
1.236985684524422383e-02
1.223831943313455871e-02
1.228962270715231765e-02
1.234579843850026198e-02
1.212131255907179794e-02
1.217022762629857251e-02
1.220152467039029368e-02
1.187701323678285077e-02
1.195096659770361266e-02
1.201930851943754444e-02
1.205674184088335703e-02
1.209754862505328828e-02
1.144829779285943053e-02
1.149828279462071327e-02
1.152727254952660811e-02
1.156452633242482410e-02
1.160478848131647235e-02
1.163723778166665321e-02
1.166927011519556384e-02
1.170609019568357237e-02
1.174602205420079495e-02
1.178950452777459412e-02
1.184352222346190392e-02
1.141794009299400801e-02
1.135578797127158313e-02
1.139094018196886750e-02
1.129344889773663263e-02
1.132731303671448073e-02
1.116294301620035512e-02
1.121846790684445823e-02
1.127368675055939393e-02
1.114379141891058168e-02
1.077353651826904943e-02
1.081095693574335784e-02
1.085987972072934363e-02
1.093689483031350974e-02
1.097900920550212885e-02
1.101541228143529567e-02
1.106600176510013668e-02
1.109606161858598360e-02
1.063038758469823063e-02
1.067888520967968068e-02
1.072418671053067263e-02
1.075333596856705050e-02
1.059234713840230199e-02
1.055446990295633852e-02
1.051017197916663190e-02
1.043092578617070207e-02
1.046740956399349817e-02
1.040650549261338230e-02
1.023483054581751650e-02
1.030000147539695578e-02
1.033201033684294501e-02
1.037067595381411904e-02
1.001264056260854109e-02
1.003579440015288024e-02
1.007563929465219235e-02
1.011264143020290662e-02
1.015235563160172584e-02
1.020259362726903991e-02
9.961426000929756927e-03
9.993663302120049316e-03
9.935824325037492799e-03
9.924963997475354238e-03
9.906894905876801813e-03
9.837693658456740306e-03
9.860635365719412626e-03
9.881252237943347408e-03
9.390884738885784538e-03
9.413918410668759701e-03
9.437238888401512649e-03
9.461822089580193898e-03
9.481110198929141447e-03
9.504378785822494707e-03
9.536475867566887241e-03
9.560887861599394813e-03
9.594806475554369316e-03
9.646669771656044695e-03
9.672453269767468040e-03
9.698298809183637792e-03
9.722507628849606093e-03
9.746830494169396106e-03
9.776734588884884031e-03
9.801278434896136538e-03
9.822922493689661624e-03
9.305682097876768338e-03
9.325303271458532800e-03
9.354959362582276200e-03
9.377770760046462081e-03
9.098301083119913341e-03
9.134630430823452787e-03
9.164217774323810475e-03
9.185625771689151162e-03
9.211073261366740927e-03
9.241107719118535693e-03
9.265354619372254824e-03
9.284733426672717865e-03
9.077917789699666354e-03
8.846888273813554096e-03
8.872598657152470231e-03
8.911427885178789185e-03
8.931021016493385575e-03
8.956104215424698367e-03
8.980545241729986222e-03
8.998890244943272970e-03
9.020473222740001129e-03
9.062490495082963643e-03
8.788586881675622409e-03
8.811941107122439609e-03
8.755005215360408058e-03
8.772407203488815503e-03
8.593893253722140538e-03
8.609247313934911480e-03
8.627711218572250290e-03
8.644059434276880893e-03
8.659846859695945198e-03
8.679324730258636961e-03
8.702656677572749230e-03
8.720659389771578257e-03
8.759169230551139620e-03
8.597066515593856234e-03
8.422093320828952234e-03
8.442843103573143340e-03
8.458310434929144916e-03
8.477027199609804206e-03
8.494560254639547253e-03
8.509486468245196222e-03
8.524225092813881438e-03
8.542328434884912877e-03
8.560212658693099400e-03
8.575254756055545463e-03
8.592027551912396338e-03
8.316929004326007249e-03
8.345210437920058330e-03
8.371595265282510273e-03
8.410909694326377042e-03
8.302514366989527730e-03
8.256280553153506896e-03
8.281739266898674803e-03
8.111748235425545600e-03
8.125961707246512344e-03
8.144045311092400902e-03
8.162732218251051580e-03
8.177994513523531919e-03
8.191864715337456027e-03
8.207941753579667266e-03
8.226482220657412719e-03
8.247451292403715217e-03
7.985965071178154767e-03
8.010530894107310840e-03
8.024759816213783425e-03
8.057380527746583684e-03
8.084613974217813234e-03
8.101934028538367721e-03
7.929875304289018753e-03
7.946884027891135127e-03
7.963568563221893465e-03
7.928226940940896403e-03
7.841126321626010892e-03
7.856184572784368977e-03
7.873058497540282030e-03
7.889571033354051896e-03
7.911425139062251005e-03
7.747723539742750257e-03
7.761458135303775721e-03
7.777988345359923388e-03
7.792669945867341380e-03
7.806080911105159163e-03
7.828981238210477867e-03
7.694014274661452324e-03
7.707264994148891810e-03
7.719037810060041388e-03
7.732995615518404794e-03
7.641582191400023497e-03
7.655150939442238733e-03
7.684500524680244922e-03
7.629374129864330625e-03
7.620714700135177919e-03
7.564598000843527140e-03
7.583729767589946456e-03
7.597556082470570404e-03
7.615289684239833976e-03
7.520754879684750545e-03
7.538957903056295318e-03
7.553460982757052508e-03
7.441052960618133733e-03
7.457058769359673975e-03
7.473393055965199538e-03
7.493905964436066956e-03
7.510629554734017839e-03
7.322228465896648587e-03
7.334528219586091378e-03
7.351858597714727717e-03
7.364190305058186670e-03
7.379822058798380519e-03
7.395371767861876056e-03
7.414293765445877440e-03
7.429160809585701186e-03
7.269008359106608579e-03
7.295175365754667102e-03
7.306048024561284313e-03
7.316545218665862146e-03
7.175349761993981071e-03
7.188042133142990078e-03
7.201594301511496724e-03
7.218632359250175615e-03
7.231754946943594678e-03
7.243992955375131750e-03
7.257880169068631898e-03
7.138557574341163406e-03
7.153386949279680329e-03
7.164270558950410622e-03
7.119073103692836503e-03
7.132092944810628637e-03
7.063304685027577481e-03
7.075017367441469897e-03
7.085075512217663823e-03
7.102063703074158393e-03
7.054372159403725188e-03
6.941434620817202999e-03
6.953239394400395103e-03
6.968698616727275752e-03
6.985186920187066301e-03
6.996794892498405666e-03
7.010485087677799376e-03
7.025736826738298788e-03
7.044421177131843410e-03
6.932668178223137974e-03
6.870404847074331779e-03
6.882494932458066775e-03
6.897657286149797180e-03
6.912144787117184205e-03
6.855275776451577596e-03
6.868535127812072823e-03
6.774538292554779101e-03
6.786410122103965492e-03
6.797940202252275403e-03
6.809981267040172634e-03
6.823996262529871681e-03
6.833220702115853397e-03
6.847942661537296388e-03
6.682598933742301892e-03
6.694688780656731820e-03
6.712569353437722493e-03
6.723946877913356338e-03
6.735383007365541505e-03
6.748381071963310655e-03
6.759117463678410154e-03
6.774274428062741771e-03
6.616697457041045144e-03
6.628636926925859235e-03
6.643072939175084790e-03
6.656698302337033836e-03
6.671171559467470660e-03
6.474673328844710377e-03
6.487272550144390637e-03
6.496974843631359194e-03
6.512742869576319989e-03
6.529687306455015175e-03
6.543022204929092693e-03
6.557454226644689015e-03
6.576598248573262140e-03
6.597251375695131412e-03
6.608738259353464338e-03
6.451781365772841018e-03
6.464712976546313494e-03
6.252170532161259106e-03
6.262800042090619843e-03
6.279364572297180952e-03
6.291309163636358073e-03
6.306325406852129889e-03
6.319238389190789430e-03
6.331597074415305088e-03
6.345761963474586681e-03
6.358001686449137393e-03
6.370169957654761225e-03
6.382748617204111324e-03
6.397417925374932791e-03
6.412390573791352556e-03
6.424700300558895683e-03
6.438757532031788230e-03
6.450714913070156563e-03
6.214658291778044942e-03
6.230071180636384542e-03
6.240769089258637985e-03
6.115194152107147202e-03
6.129018597415610003e-03
6.141713952883263647e-03
6.156476764235432018e-03
6.179045280961535484e-03
6.194223841028958719e-03
6.205672455693018660e-03
5.941433583639022832e-03
5.957563199353219617e-03
5.971827659349986800e-03
5.992595067721252951e-03
6.006629026327749317e-03
6.016648396510674429e-03
6.031688280820657853e-03
6.043764048281964445e-03
6.056693073416776277e-03
6.066012983424978570e-03
6.075453308602218189e-03
6.092019209688671541e-03
6.103404344149601819e-03
5.835279381620255869e-03
5.846403321921381062e-03
5.862651933914091000e-03
5.878821512736468954e-03
5.895426067129149079e-03
5.906712074439524583e-03
5.918689560958603768e-03
5.932883488219443079e-03
5.732473319258094002e-03
5.744414090238994866e-03
5.754778339800451122e-03
5.774115502675185134e-03
5.785471582964368982e-03
5.796417037798992991e-03
5.808634869039734291e-03
5.815628905167096428e-03
5.826129925506875334e-03
5.596992916872697843e-03
5.606164044208519943e-03
5.616478965318376718e-03
5.624643241672656196e-03
5.631797126948737131e-03
5.641030938284045081e-03
5.650924683836413588e-03
5.664717896292233677e-03
5.673034486539962375e-03
5.684057122327030621e-03
5.694463367205906609e-03
5.705130909698459887e-03
5.725286242425367544e-03
5.509399580720156751e-03
5.521658301001358855e-03
5.532633770695267496e-03
5.547545024269555196e-03
5.555561962045523633e-03
5.564036396054126629e-03
5.571649797614788152e-03
5.581872102161701717e-03
5.592588950436220945e-03
5.205528859826441014e-03
5.215083517960416443e-03
5.222834827636095058e-03
5.229577884997575234e-03
5.238637209623245826e-03
5.245502958712437540e-03
5.254136243493288429e-03
5.263911388416946634e-03
5.273193192195794674e-03
5.283278859695992973e-03
5.293291069330879027e-03
5.305905890879232013e-03
5.315663212866487443e-03
5.328810322293479028e-03
5.336795432142014094e-03
5.347178722590918698e-03
5.357370677062675210e-03
5.367915971066446884e-03
5.376966467414792152e-03
5.387053462313169672e-03
5.395925457370789012e-03
5.416631234151384790e-03
5.430054275964046884e-03
5.442054761241932326e-03
5.451241141060302227e-03
5.462691480650318579e-03
5.477166352962139877e-03
5.492997537770560185e-03
5.506808069645877796e-03
5.077983573023562951e-03
5.087052195118462947e-03
5.095889208387388222e-03
5.108468310131146148e-03
5.119272766054569837e-03
5.125367649120074129e-03
5.133951339657619184e-03
5.144324249049279929e-03
5.153997829976700654e-03
5.168103059466617674e-03
5.177391022530803549e-03
5.189178845239027227e-03
5.196962550883409485e-03
5.055667540662643795e-03
5.063804679255708846e-03
5.071476311443206403e-03
5.012296400352134543e-03
5.019157582104997670e-03
5.027823872252768986e-03
5.034629075096842474e-03
5.045247138892075892e-03
4.926153458739827330e-03
4.936240705425124289e-03
4.944889394678462710e-03
4.953196094561943333e-03
4.969383869001118420e-03
4.980095858717726622e-03
4.993764362261611696e-03
5.008172304868168875e-03
4.862148929992753110e-03
4.872488323864858882e-03
4.884192539259456407e-03
4.896962797097510756e-03
4.913281005183260317e-03
4.751148621788200965e-03
4.760437243502806635e-03
4.773959110247800834e-03
4.785949794650892243e-03
4.797615507076724226e-03
4.813458408901077554e-03
4.824644322260249196e-03
4.833763793309540924e-03
4.842190888923352150e-03
4.851416729438388920e-03
4.860616003642324184e-03
4.617113633103460228e-03
4.625650606406057561e-03
4.635896952068705584e-03
4.644864872090649979e-03
4.651399305165570403e-03
4.656993360145278947e-03
4.663088296977437562e-03
4.669320892770476711e-03
4.675745685911393903e-03
4.682422779418507486e-03
4.691283058309710444e-03
4.700495999167173325e-03
4.706190608753229969e-03
4.712998779868718575e-03
4.718943970054863442e-03
4.725055197143758490e-03
4.732971700123517200e-03
4.739271854058276119e-03
4.746763852464887072e-03
4.542024117769886266e-03
4.547474771526886783e-03
4.557800339441688171e-03
4.567256860821039890e-03
4.572392312563516512e-03
4.578471427063346248e-03
4.585148823713379451e-03
4.591323001334066123e-03
4.599541576850265864e-03
4.605247434311831971e-03
4.611442832849374854e-03
4.531655564266371360e-03
4.537837557464404793e-03
4.519605328966028353e-03
4.526759605415422646e-03
4.314116073114965255e-03
4.321148773906054175e-03
4.328768767345835509e-03
4.338162444624104469e-03
4.345882674909073637e-03
4.353197324087064099e-03
4.358927440050164998e-03
4.365739271903979792e-03
4.371560888847087108e-03
4.379281111420765468e-03
4.385847987925706529e-03
4.395462330653970504e-03
4.402257630172707985e-03
4.407778443674492327e-03
4.414769431269545061e-03
4.420255607231548568e-03
4.425575873988233516e-03
4.430405748457976259e-03
4.437295661171657309e-03
4.443297669113260157e-03
4.451840601348992614e-03
4.459346553367870072e-03
4.463906014520109197e-03
4.470057905884762539e-03
4.475405939584529980e-03
4.479975261891270578e-03
4.485958547788894933e-03
4.493086020337279905e-03
4.499764390419143043e-03
4.509337648294911224e-03
4.516986565198866620e-03
3.945670598066719492e-03
3.952106726240005134e-03
3.956985272237709475e-03
3.961177122831652589e-03
3.968417788879879081e-03
3.973060287844860407e-03
3.977803140475148248e-03
3.982085294303742626e-03
3.986716531931220817e-03
3.990193162723728974e-03
3.995848230361040768e-03
4.000485089430648455e-03
4.004730630963050653e-03
4.008566809945179367e-03
4.013413949371389192e-03
4.017557821987791794e-03
4.022391195651208937e-03
4.030298017133625114e-03
4.036035210796651285e-03
4.041703296508675908e-03
4.047418317330032586e-03
4.056292801067552106e-03
4.060431896486284276e-03
4.065415965579292044e-03
4.071420499471871055e-03
4.077170117279774186e-03
4.082546402566500365e-03
4.089168131332295529e-03
4.094752045047478015e-03
4.099895941853820731e-03
4.105237554405182648e-03
4.112335055110711082e-03
4.118590030398529278e-03
4.124547474011820355e-03
4.130456317421228422e-03
4.137202298757690876e-03
4.142227733796297225e-03
4.148241675506792424e-03
4.153920616538857476e-03
4.159249709213139884e-03
4.166913155122825563e-03
4.172162978127707395e-03
4.177467421560556241e-03
4.185625042501162421e-03
4.190918538321072688e-03
4.197719024862185157e-03
4.205060450453113226e-03
4.209660671351398570e-03
4.214935833358170181e-03
4.222296497822474598e-03
4.229236614015945660e-03
4.238488627176945252e-03
4.246105989762634716e-03
4.252908595438819467e-03
4.260719446501228837e-03
4.265528735125689690e-03
4.273140268785565778e-03
4.278902659131104957e-03
4.287237732429427170e-03
4.298420999209557822e-03
4.306266554276064716e-03
4.312591379608643298e-03
3.871333815401790598e-03
3.876283491362645783e-03
3.881639610324043570e-03
3.886334121793989793e-03
3.893044261593842960e-03
3.898220934624162769e-03
3.902945637447315964e-03
3.910031371311916554e-03
3.917528969125430062e-03
3.922637020753398651e-03
3.927795216986397150e-03
3.934022864915338695e-03
3.938660369117009605e-03
3.943223265109685113e-03
3.949060369241368280e-03
3.865020303162849252e-03
3.823246233702747889e-03
3.829974672490849344e-03
3.836720190829413964e-03
3.843996631107414290e-03
3.849079091225241812e-03
3.857633439012386409e-03
3.865086898296071858e-03
3.520854439282708210e-03
3.524988049033415949e-03
3.533377227841218420e-03
3.540644247928064273e-03
3.552937823496900814e-03
3.565277429658011803e-03
3.579076108112829932e-03
3.591362401740998394e-03
3.599495002611434805e-03
3.609418204877584170e-03
3.613994992870478255e-03
3.620397835470038662e-03
3.630333797783649816e-03
3.640425394221216519e-03
3.647247558837802585e-03
3.653582499682890387e-03
3.660581518685934906e-03
3.667067709352872865e-03
3.672187923762541654e-03
3.676881273693089792e-03
3.683136357734610213e-03
3.688032203005738464e-03
3.693514298435183855e-03
3.698084423133330377e-03
3.701783922447384259e-03
3.705098240861155225e-03
3.709412958545737181e-03
3.719476077439172468e-03
3.724649346332634461e-03
3.730430719300668364e-03
3.736008429968920574e-03
3.741951410645395597e-03
3.747170749946570310e-03
3.751568835787681081e-03
3.755662928202374226e-03
3.763494928682591372e-03
3.767481054611308139e-03
3.770650264713459876e-03
3.774733755987655023e-03
3.779509682761882962e-03
3.785035670569256768e-03
3.791965961317268416e-03
3.797598086805818295e-03
3.805741758937228672e-03
3.813955759507087380e-03
3.820364603190998590e-03
3.826689058971273483e-03
3.289080389579645235e-03
3.295295393622371845e-03
3.303885414328495019e-03
3.309683929788794898e-03
3.317558049914856935e-03
3.326214115845685555e-03
3.335580016716909423e-03
3.343370533377251243e-03
3.350123139727392840e-03
3.355888823858444153e-03
3.363784551057508090e-03
3.371394770559571659e-03
3.380288988097110165e-03
3.391332711752966834e-03
3.401942573806793560e-03
3.409618760864714226e-03
3.418286425906563470e-03
3.423960135110626878e-03
3.429306017281609324e-03
3.435939190641148101e-03
3.445367022535097447e-03
3.453672259549461429e-03
3.463050241596193207e-03
3.470780466344489633e-03
3.476908864150582597e-03
3.484454917750291238e-03
3.492194302630454231e-03
3.502019347288076213e-03
3.508313827007144073e-03
3.517465494721025866e-03
2.756873801234396501e-03
2.766240189111308315e-03
2.773771110773865303e-03
2.782797548628177658e-03
2.795334519770863516e-03
2.816076402788456057e-03
2.833924029758920406e-03
2.843784834116230755e-03
2.854377528869621664e-03
2.864044343658634587e-03
2.875499448209250207e-03
2.882710672413545984e-03
2.888250030328272638e-03
2.894421070397345391e-03
2.901169231555757091e-03
2.908240318847390635e-03
2.918622363780176178e-03
2.926508841201103540e-03
2.937336563022273795e-03
2.952273806167699053e-03
2.965923641873820238e-03
2.978893178324333851e-03
2.987933816197205217e-03
2.994573594738654532e-03
3.003117850415342339e-03
3.013017789260010858e-03
3.022664284243557070e-03
3.030796097218123406e-03
3.040274803546775054e-03
3.047120929280063440e-03
3.054384053603949670e-03
3.064487894125716028e-03
3.071306920103820601e-03
3.079045901995760507e-03
3.086400299190213397e-03
3.097191678106998077e-03
3.106955023132945866e-03
3.114365271366795369e-03
3.121472380324821251e-03
3.128372309642158192e-03
3.136209526740848467e-03
3.143138220788027799e-03
3.150912428335905444e-03
3.155926479261634155e-03
3.164516844940246272e-03
3.174871994453543934e-03
3.182368692569392983e-03
3.187255009109571553e-03
3.193299780633740512e-03
3.198763843990146301e-03
3.206010263201946806e-03
3.215281834224342772e-03
3.219886389647692512e-03
3.227889212380966391e-03
3.234817776171872508e-03
3.244766867323052410e-03
3.255419679463364760e-03
3.259659700269617721e-03
3.265321998361151844e-03
3.270437195167706385e-03
3.278731507282907527e-03
3.283426678729979651e-03
2.573261218582270204e-03
2.590591694813615224e-03
2.605194043860599960e-03
2.617141176324392932e-03
2.630476158756889660e-03
2.647147501517286335e-03
2.660069251959168088e-03
2.674927445415733497e-03
2.688894587093594926e-03
2.702751017354618375e-03
2.714899339891925154e-03
2.732427346233057362e-03
2.743866800518350579e-03
2.754368487935600438e-03
2.098021073190164260e-03
2.099746374985224286e-03
2.101323441480413851e-03
2.102658611120683876e-03
2.103986256873304709e-03
2.105382009977240648e-03
2.106976098075732853e-03
2.108432775829659558e-03
2.109760628246345159e-03
2.111319459112587747e-03
2.112672848844815952e-03
2.114504360668928440e-03
2.115779517007647121e-03
2.117067996394055192e-03
2.118260290656698644e-03
2.119596276210701513e-03
2.120847410484918982e-03
2.122086771873228118e-03
2.123792880021044965e-03
2.125408312762132670e-03
2.126597009764309622e-03
2.127870768676856129e-03
2.129056065686558887e-03
2.133277382622044555e-03
2.137682946160251399e-03
2.142565198815630546e-03
2.145149573978768435e-03
2.153535975158948641e-03
2.163795095494768818e-03
2.181986321298918369e-03
2.187460875375908925e-03
2.194576844918496878e-03
2.202514279298579090e-03
2.209066275976547152e-03
2.217044933624970782e-03
2.223362408893381388e-03
2.234412143288189330e-03
2.260601057312314286e-03
2.286082295553531780e-03
2.297588394211687313e-03
2.302593611513790908e-03
2.314482587413389282e-03
2.327319078724932825e-03
2.347970871001667063e-03
2.364398811111564393e-03
2.379978254736029187e-03
2.405909400764201685e-03
2.421434882813953970e-03
2.432038119429921763e-03
2.443370557255963860e-03
2.454479308994655246e-03
2.470574522125350454e-03
2.496531392536098428e-03
2.513786386604396125e-03
2.522095913766946029e-03
2.532247501566294631e-03
2.542896002597871356e-03
2.553412413492808699e-03
2.563405107553308644e-03
0.000000000000000000e+00
