0.9996043546513854
0.9987822206339685
0.9980324088845778
0.9973985254765825
0.9967688963196474
0.9961084238425246
0.9953554214048388
0.9946683598585886
0.994042984952714
0.993310190207565
0.9926752432368044
0.9918180116481394
0.9912224164996872
0.9906215035374097
0.9900663237740311
0.9894452031192169
0.988864497849476
0.9882901739563258
0.9875010103846269
0.9867554528862966
0.9862077180622737
0.9856216949787074
0.9850771508429799
0.9831478479871011
0.9811579220536121
0.9789839997617619
0.9778257799105756
0.9741192636742265
0.969643791558715
0.9618425586767577
0.9595675979222238
0.9566151476863256
0.9534042516985097
0.9508261755559243
0.947633360135115
0.9450691103084757
0.940704248720534
0.9309981749262951
0.9216111699615841
0.9171037909631199
0.9151223735317516
0.910519273884429
0.9056385843554172
0.8982010899391217
0.8923748931119421
0.8867486460846
0.8773233528603457
0.8720767977401419
0.8686117102514688
0.8649934697246223
0.861456059967923
0.8564243445262678
0.8484242254072382
0.8432159585465777
0.840761255684743
0.8378768734658107
0.8348871985331342
0.8318241377696663
0.8289418826762642
0.825702270493791
0.8207056526233839
0.8165375501469844
0.8132192343198941
0.809616947234524
0.8052744204646494
0.8019358969450223
0.7981325964970497
0.794591996052055
0.7912268834633007
0.788313785049711
0.784291390672129
0.7817260772827248
0.7792011792783939
0.7782418456642801
0.7759211517108471
0.7740833152527663
0.7719476812204595
0.7690430913089905
0.764349588826635
0.7603218766352278
0.7581585899710285
0.7558006713208174
0.7537596943746039
0.7513773137807955
0.7498319570831153
0.7486918177989356
0.7474017161648778
0.7459754784968881
0.7444758549981069
0.7422232290616398
0.7405406727672627
0.7382540128223127
0.7351090577259327
0.7322927435239662
0.729669997745247
0.7278895936764813
0.7265920471030677
0.7249233171246368
0.7230269847144759
0.7212061652606367
0.7196937790086744
0.7179250741303247
0.7166775150068706
0.7153374259228534
0.713480445335001
0.7122328862115469
0.7108109027946174
0.7094761315244258
0.7075202395994197
0.7057845051667879
0.7044944035327301
0.7032553529113967
0.7020535269868416
0.700709183651764
0.6995243747314503
0.6982066204655002
0.69734832531407
0.6958891172003625
0.6941150945081873
0.6928335013762501
0.6920007317311824
0.6909775843511629
0.6900788738146593
0.6888823657039297
0.6873646616381419
0.6866105956376909
0.6852970956228011
0.6841792911566884
0.6825733113813979
0.6808333226977057
0.6801526425280461
0.6792603133681332
0.6784498785411321
0.6771374420890075
0.6763972024045027
0.6752283469256656
0.6742700768743167
0.6729459412317758
0.6720578663229232
0.6708592310866633
0.6695499853228339
0.668146082472911
0.6669836083706644
0.6659913043108325
0.6651308820338724
0.6639758528709813
0.6628708111580497
0.6615839002122872
0.6599694119348759
0.6584463900552627
0.6573573017838075
0.6561246325390646
0.6553248333397147
0.6545771487158544
0.6536433406081027
0.6523319677187429
0.651178002118617
0.6498868369217942
0.6488317826588218
0.647999013013754
0.6469779927592647
0.6459388919377689
0.6446275190484091
0.643791558715046
0.6425865421021956
0.6418782093006437
0.6413357922904462
0.6402435133306956
0.6393001331580581
0.637707979698714
0.6361222076159603
0.6343694561790869
0.6328240994814068
0.631808397040743
0.6305757277960001
0.6300099124049707
0.6292228759588019
0.6280061601555355
0.6267809358501483
0.625954547581671
0.6251909095163342
0.6243549491829711
0.6235796119272182
0.6229712540255851
0.6224160742622066
0.6216768981404669
0.6210993835590214
0.6204591187744354
0.6199252102663586
0.6194923402209658
0.6191073305000021
0.6186063924376433
0.6174460454609269
0.6168472596241795
0.6161825328959963
0.615549713050766
0.6148669057555762
0.6142713106071241
0.6137703725447654
0.6133077227419499
0.6124366648373387
0.6119889049132345
0.6116336749496935
0.6111784700862337
0.610644561578157
0.6100330129882285
0.6092746927367172
0.6086535720819028
0.6077569886709294
0.606872104450372
0.6061775979647663
0.6054915999812813
0.6046705295266295
0.6039526246601917
0.6032262112916331
0.6024508740358804
0.6019127112767433
0.6010203821168303
0.6002333456706614
0.5997558059891346
0.5988677310802819
0.5983497760136817
0.5977967233758332
0.5973085480666557
0.5966214865204055
0.5960875780123288
0.5956004662659162
0.5948761800228879
0.5941072241437256
0.5935892690771253
0.5930691868849949
0.5924395577280598
0.591972653674184
0.5915121309968987
0.5909250443505674
0.5903390212670011
0.5896987564824151
0.5892158989870628
0.5888000459459115
0.5880736325773529
0.587617364151128
0.5871525872227824
0.5867346070561008
0.586279402192641
0.5859390621078112
0.5853838823444327
0.584930804606503
0.584518142253647
0.5841469588486294
0.5836789912319886
0.5832790916323136
0.5828132511412029
0.5820517402013963
0.5815082596284338
0.5809711604320618
0.5804298069846294
0.5795949102140314
0.5792077733675375
0.5787419328764268
0.5781835624247529
0.5776496539166762
0.5771572243564381
0.5765478028920399
0.5760330385137349
0.5755597530832685
0.575073704899621
0.5744259951756793
0.5738548619708244
0.5733156356489222
0.5727849178291408
0.5721797506158028
0.5717330542544637
0.5712033999974474
0.570695016995733
0.5702217315652666
0.569551687023258
0.5690879736576775
0.5686210696038015
0.567915927490545
0.5674564683760247
0.5668619367903377
0.566236561884463
0.5658409165358484
0.5653846481096235
0.5647528918271583
0.5641583602414714
0.563366005981477
0.5627161691320052
0.56214290880162
0.5614834998872623
0.561079346036527
0.5604518440051222
0.5599764314491256
0.5592893699028755
0.5583640702972446
0.5577152970105378
0.5571984055067026
0.5566581156220354
0.5560869824171804
0.5554669253251311
0.5547086050736199
0.5540917386698658
0.5535110334001251
0.5530547649739002
0.5525102208381726
0.5520507617236523
0.5514445309475493
0.5509287030064792
0.550172509880498
0.5496471098745421
0.549221684768505
0.5486813948838377
0.5482580969033306
0.547849688801535
0.5474795689592825
0.5469573596416218
0.5465032183409272
0.5458448729893346
0.5452854389748957
0.5449440353273008
0.5444845762127806
0.5440825494875755
0.5437411458399807
0.5432955130414066
0.5427669223471554
0.5422713020986221
0.5415736049247211
0.5410162980358123
0.540624906938258
0.5401080154344229
0.5395560263593395
0.5391072028724704
0.5386041376845814
0.5382095558987319
0.5374597441493413
0.536782254667977
0.5364121348257246
0.5359782012175667
0.5355070429126305
0.5350720457417074
0.5344849590953761
0.5340818688074058
0.5336447445109526
0.5330448951114402
0.5324503635257531
0.5317505392263219
0.5311294185715075
0.5306827222101685
0.5303030303030303
0.529888240824644
0.5294628157186069
0.5290320727987441
0.5285832493118748
0.5279908448517181
0.5273771691362594
0.5270006679174164
0.5265475901794868
0.5261551355191676
0.5257520452311972
0.525234090164597
0.5248203642489758
0.5243279346887377
0.5236610808350244
0.5230559136216865
0.5221742200894244
0.5213967557081414
0.520650134647046
0.5196418771457378
0.518934607906951
0.5183592204510357
0.5178327568823147
0.5172584329891644
0.5166894269098397
0.5162352856091449
0.5155992750756193
0.5148792430836513
0.5140996515768381
0.5131062839542413
0.5121607766560736
0.5115609272565611
0.5110429721899608
0.5105494790669577
0.5095922725783739
0.5089615798586737
0.508163907784854
0.5073332652653164
0.5069163486613999
0.5065185761872552
0.5060187016876614
0.5056273105901071
0.5050253340650646
0.5042574417486674
0.5037947919458519
0.503361921900459
0.502824822704087
0.5023196303906678
0.5018272008304299
0.5011284400937637
0.5005349720708417
0.5002010133626026
0.49973410930872675
0.4991682939176973
0.4986450210372715
0.49788457366023
0.49738895341169664
0.49676251494305684
0.49634985259020076
0.4957202234332657
0.4952182218081418
0.4948098137063461
0.4944567108683352
0.4939823618751037
0.4936260683487975
0.49317830842469335
0.4926731161112742
0.49219770355527764
0.49167974848867735
0.49116923836143267
0.49053003713961174
0.4900376075793737
0.48937075372566036
0.4889719176887505
0.48845289905938505
0.48794877030873096
0.4874286881166005
0.4869851824435567
0.48649381644608375
0.4860630735262211
0.48506757877809403
0.4844262504307429
0.4838508629748276
0.48341267511560926
0.48287025810541184
0.4821970228751079
0.4814578467533683
0.48081013702942665
0.48036663135638286
0.479796561714293
0.4792871151498134
0.4785968629152681
0.4782288701985459
0.47784066978928696
0.4774960754533968
0.47703555277611154
0.47654844102969895
0.47619427462892294
0.47578161227606686
0.47531683534772123
0.47495309688205944
0.4746361551780617
0.4742245563879707
0.4737884956542825
0.4731865191292399
0.4728227806635781
0.47234524098205133
0.4718921632441217
0.4714295134413062
0.47055951909946014
0.47010112354770506
0.4695927405459906
0.46915136199847696
0.4683356093576506
0.467860196801654
0.46740605550095937
0.46689767249924485
0.46660944698990464
0.46617764050727695
0.46565436762685114
0.4652012898889215
0.464544008100094
0.4638888534367967
0.4632188088947881
0.4627689218451538
0.46229350928915725
0.4617298210236579
0.46124802709107077
0.4606141436830753
0.4600600274824619
0.45925278334375624
0.45871142989632396
0.4583274837381253
0.45775741409603543
0.45729901854428034
0.4568108432351027
0.456459867522622
0.456105701121846
0.4554867075925618
0.4550634096120548
0.4544858950306093
0.45397751202889486
0.45351167153778416
0.4529724452158819
0.4521556290122905
0.4516100213137978
0.451200549649237
0.45074109053471684
0.45019441927345905
0.449816854491851
0.44914255569878203
0.44877030873099943
0.4481959848378492
0.447782258922228
0.4472643038556277
0.44682186174534905
0.4464006908903722
0.44592102408331524
0.445506234604929
0.44509569937760307
0.44467346495986115
0.44418422608791835
0.4436864787138548
0.4432791341748242
0.44281542080924363
0.44242402971168937
0.44198690541523616
0.4415657345602594
0.4411115932595646
0.44070531228329907
0.4403936883931268
0.4398895596424727
0.43935458757163093
0.438932353153889
0.43847608472766414
0.43787836245368184
0.4372317162925053
0.4368764863289642
0.4364999851101212
0.4361330559561642
0.43569274097141564
0.4352768879302643
0.43483550938275073
0.434359033263989
0.43399316767279705
0.43345925916472033
0.43311998264265567
0.432780706120591
0.4323956963996273
0.4320787546956296
0.43163418545982074
0.4312449214877967
0.4308971364636113
0.4305621141926069
0.4302143291684216
0.42981123888045125
0.4295464117519431
0.4291231137714361
0.4287880915004318
0.4284105267188238
0.42810634776800716
0.42776388055764725
0.4273363283260799
0.4269300473498143
0.4262344773014435
0.4258675481474864
0.4255410343786028
0.42511667283533067
0.4246667857856964
0.4243509076444637
0.4239797242394463
0.4235691890121204
0.4230703780752917
0.42268324122879786
0.42232269345143136
0.4220110695612591
0.42174517886998586
0.4212974189458817
0.4207284128665569
0.4203891363444922
0.4201041015234473
0.41972121892801384
0.41944043835802924
0.419037348070059
0.41871083430117545
0.41836623996528527
0.41793336991989244
0.41760366546271366
0.41729523226083665
0.41694638367388615
0.4165539290135668
0.41591047354068555
0.4156424557238821
0.41538400997196445
0.41500644519035645
0.41470439336507003
0.4142853496356234
0.41398755206139737
0.4136078601542591
0.41323454962371153
0.41278359901131206
0.41243155973606627
0.41203697795021677
0.4116615402941389
0.4112797212614705
0.41080324514270883
0.4104171718589801
0.4099619669955203
0.40954079614054345
0.4092110916833646
0.40884628965493774
0.40841661029784015
0.40810498640766785
0.40770083255693246
0.407363683160398
0.40705418639575597
0.4066670495492621
0.4063660612867408
0.40572047868832933
0.40539928273327125
0.4051121207866961
0.4048558021603087
0.40455268677225714
0.40412832522898506
0.4038315912175241
0.4034795519422783
0.4031658009265759
0.4028807661055309
0.40238940010805796
0.40202353451686595
0.40170871993839846
0.4013534899748573
0.4010099592017324
0.40055688146380264
0.40010699441416836
0.39985812072713656
0.39951139926571627
0.3991731863064167
0.39852015876864955
0.3980202842690559
0.3977373765735411
0.3970949846634249
0.39655150409046236
0.39621222756839775
0.3959154935569367
0.3956389672380126
0.3952911822138272
0.3949327615619908
0.39464134536435536
0.39437758179861226
0.39407127572226547
0.39371923644701967
0.39332252753563995
0.39295240769338763
0.3924748680118608
0.39198775626544824
0.39162189067425623
0.39110606273318616
0.3906221416750688
0.3899201902501074
0.38962026555035123
0.3892512092708639
0.3889768100774699
0.388646042057526
0.3883386724184141
0.38807809954096634
0.38782071735181384
0.38750696633611137
0.3871985331342344
0.3869400873823168
0.38665186187297657
0.38636576348916657
0.3860222327160415
0.38576165983859373
0.3854500359484215
0.3851756367550274
0.3849108096265193
0.3845864229831659
0.38420034969943717
0.3839036156879762
0.38326441446615533
0.38294215494833206
0.3826592472528174
0.38229869947545086
0.3819211346938428
0.3811617508795664
0.3807544063405358
0.38014604843890254
0.3798386787997907
0.3794462241394713
0.37906653223233316
0.37878468809958354
0.37845392007963957
0.3778083374812281
0.3774850144006398
0.37708830548926014
0.3765480156045929
0.3761098277453746
0.37579501316690705
0.3754195755108292
0.37498245121437596
0.3746314755018953
0.37435282205744086
0.37396462164818195
0.3736849046409625
0.3732658609115158
0.3729446649564577
0.37267239288859394
0.37235119693353586
0.3720268102901825
0.3716864702053527
0.37142164307684455
0.3711036378100817
0.3706697042019238
0.37033999974474496
0.3698879855695804
0.36920517827439064
0.36886590175232603
0.3685287523557915
0.36821287421455895
0.3678980596360914
0.3675141134778928
0.36719717177389505
0.3669206454549709
0.36665050051263726
0.36636014787776683
0.3661006385630841
0.365698611837879
0.36539230576153225
0.3650849361224203
0.3646903543365708
0.36429045473689586
0.3639745765956632
0.36369273246291356
0.3632151927813868
0.3627738142338732
0.3623037194917021
0.3617208870964311
0.3612646186702062
0.3605094891069901
0.3601436235157982
0.35970756278211
0.3592215145984625
0.35886522107215635
0.3584546858448305
0.3578973789559217
0.357340072067013
0.3568593416971909
0.35637222995077833
0.35586278338629873
0.35539056151859744
0.355087446130546
0.3548013477467359
0.3544195287140675
0.3539185906517087
0.3531304906427748
0.35271463760162347
0.352355153387022
0.3518627238267839
0.3515702440663833
0.35103739912107174
0.35070237685006744
0.35017272259305104
0.349656894651981
0.3491825456587495
0.3488698582058121
0.34853270880927767
0.3482115128542196
0.34789350758745674
0.34754997681433175
0.3470873270115163
0.3468278176968336
0.34649173186306415
0.34613224764846273
0.3458472128274178
0.3455664322574332
0.3452494905534355
0.34490702334307555
0.3445337128125279
0.3440795715118332
0.3437254051110572
0.34312130146048436
0.34255654963222004
0.34225130711863827
0.3419194755359293
0.3416578390957164
0.34127070224922257
0.34102289212495585
0.34059853058168377
0.3401996945447739
0.339766824499381
0.3394530734836786
0.3390733815765404
0.338760694123603
0.3384192904760081
0.33812893784113773
0.33782263176479094
0.3374280499789415
0.33711217183770886
0.336645267783833
0.3362421774958627
0.33585291352383867
0.33536367465189587
0.33511054671380375
0.3348297661438192
0.33443731148349987
0.3339948693732212
0.3336758005436933
0.3333503503375748
0.33301320094104037
0.33267392441897564
0.33234847421285724
0.3319985620631416
0.3316635397921373
0.33123811468610004
0.33080311751517705
0.33043725192398504
0.33012031021998733
0.3298522924031839
0.32947472762157587
0.3290227134464114
0.32875044137854753
0.32846859724579786
0.328138892788619
0.32783365027503736
0.32743694136365764
0.3269243041108828
0.3265509935803351
0.3263010563305383
0.32603410207649997
0.325657600857657
0.32515347210700296
0.3247865429530458
0.3245291607638933
0.3241952020556541
0.3239250571133205
0.3235900348423162
0.3231784360522252
0.32272961256535593
0.32247223037620343
0.3222233566891716
0.3219372583053617
0.32164796923325634
0.3213491080962652
0.32102046720185146
0.320786483393531
0.32049613075866057
0.3201323922929988
0.3198431032208935
0.3194559663743996
0.319072020216201
0.31876784126538443
0.3185125862017621
0.3182647760774954
0.31794996149902793
0.31761706635355375
0.3172831076453146
0.3169916914476791
0.31655775783952117
0.3162684687674158
0.3159228108687606
0.3155867250349912
0.315264465517168
0.31495709587805615
0.31467525174530653
0.31430300477752393
0.31405944890431764
0.3137765412088029
0.3134734258207514
0.31319583593906214
0.31290761042972187
0.3126629909937505
0.31241518086948383
0.31213652742502945
0.31186425535716567
0.31158985616377166
0.3113558723554512
0.31102510433550723
0.31057309016034274
0.3103316614126666
0.31002748246185
0.30970735006955696
0.30940742536980076
0.30912239054875584
0.3087714148362752
0.30848106220140475
0.30817794681335325
0.30791843749867054
0.30759086016702186
0.30728029983961475
0.30705057028235466
0.3067814889027861
0.30648688201685537
0.3062358812042934
0.3059859439544965
0.3057477058951157
0.3054935143942585
0.3052680390880588
0.30501172046167135
0.30476603746293485
0.30448419333018517
0.304161933812362
0.3038726447402567
0.3035663386639099
0.30330895647475736
0.30303987509518887
0.302778238654976
0.3024400256956764
0.3021092576757325
0.30185612973764037
0.30158173054424636
0.30131158560191273
0.30101485159045177
0.30066706656626635
0.30038415887075165
0.3000491365997473
0.29976303821593725
0.29950246533848945
0.2991940321366125
0.29892814144533925
0.2986154539924019
0.29833573698518245
0.29801773171841967
0.2977209977069587
0.29742745438379303
0.29714135599998304
0.2968382406119315
0.296489392024981
0.2961501155029163
0.29574808877771114
0.29548113452367275
0.2951854640749769
0.2948727766220396
0.2945366907882702
0.2942612280321111
0.2939836381504218
0.29361989968476
0.2933316741754198
0.2930115417831268
0.292739269715263
0.29242339157403036
0.2921043227445025
0.2917501563437265
0.29141938832378256
0.29115987900909984
0.2908897340667662
0.2906291611893184
0.29035369843315934
0.29007717211423517
0.2898102178601968
0.28955070854551407
0.28926886441276445
0.28895936764812236
0.28866263363666145
0.2883265478028921
0.2880372587307867
0.287571418239676
0.28735551499836215
0.287056653861371
0.28679714454668825
0.28646531296397926
0.28594204008355345
0.2856687044529246
0.2853932416967655
0.28515606720014974
0.2848572060631586
0.2846189680037778
0.28434882306144416
0.28407442386805015
0.2838042789257165
0.2835724222429262
0.2833341841835454
0.28303532304655427
0.28280027567546867
0.28256948255544356
0.2822908291109891
0.2820291926707763
0.2817388400359058
0.2814452967127402
0.2810368886109445
0.2807656801058458
0.2804391663369622
0.2801530679531522
0.27984463475127525
0.27958193474829723
0.27929264567619194
0.27905653474234127
0.2788119153063699
0.2785630416193381
0.2783194857461318
0.2780791205612208
0.2776951744030222
0.2774250294606886
0.2771463760162342
0.27689005738984684
0.2765550351188425
0.2762902079903343
0.2760381436150073
0.2757520452311973
0.27551487073458153
0.2752872683028516
0.2749660723477935
0.2747150715352316
0.2744172739610055
0.274148192581437
0.2738216788125534
0.27353238974044813
0.27313780795459863
0.27271982778791704
0.2721997455957866
0.2713818658294301
