1.0
1.0
1.0
1.0
1.0
1.0
1.0
1.0
1.0
1.0
1.0
1.0
1.0
1.0
1.0
1.0
1.0
1.0
1.0
1.0
1.0
1.0
1.0
1.0
1.0
1.0
1.0
1.0
1.0
1.0
1.0
1.0
1.0
1.0
1.0
1.0
1.0
1.0
1.0
1.0
1.0
1.0
1.0
1.0
1.0
1.0
1.0
1.0
1.0
1.0
1.0
1.0
1.0
1.0
1.0
1.0
1.0
1.0
1.0
0.9994939271255061
0.9994939271255061
0.9994939271255061
0.9994939271255061
0.9994939271255061
0.9994939271255061
0.9994939271255061
0.9994939271255061
0.9994939271255061
0.9994939271255061
0.9994939271255061
0.9994939271255061
0.9994939271255061
0.9994939271255061
0.9989878542510121
0.9989878542510121
0.9989878542510121
0.9989878542510121
0.9989878542510121
0.9989878542510121
0.9989878542510121
0.9989878542510121
0.9989878542510121
0.9989878542510121
0.9989878542510121
0.9989878542510121
0.9989878542510121
0.9989878542510121
0.9989878542510121
0.9989878542510121
0.9989878542510121
0.9989878542510121
0.9989878542510121
0.9989878542510121
0.9989878542510121
0.9989878542510121
0.9989878542510121
0.9989878542510121
0.9989878542510121
0.9989878542510121
0.9989878542510121
0.9989878542510121
0.9989878542510121
0.9989878542510121
0.9989878542510121
0.9989878542510121
0.9989878542510121
0.9989878542510121
0.9989878542510121
0.9989878542510121
0.9989878542510121
0.9989878542510121
0.9989878542510121
0.9989878542510121
0.9989878542510121
0.9989878542510121
0.9989878542510121
0.9989878542510121
0.9989878542510121
0.9989878542510121
0.9989878542510121
0.9989878542510121
0.9989878542510121
0.9989878542510121
0.9989878542510121
0.9989878542510121
0.9989878542510121
0.9989878542510121
0.9989878542510121
0.9989878542510121
0.9989878542510121
0.9989878542510121
0.9989878542510121
0.9989878542510121
0.9989878542510121
0.9989878542510121
0.9984817813765182
0.9984817813765182
0.9984817813765182
0.9984817813765182
0.9984817813765182
0.9984817813765182
0.9984817813765182
0.9984817813765182
0.9984817813765182
0.9984817813765182
0.9984817813765182
0.9984817813765182
0.9984817813765182
0.9984817813765182
0.9984817813765182
0.9984817813765182
0.9984817813765182
0.9984817813765182
0.9984817813765182
0.9984817813765182
0.9984817813765182
0.9984817813765182
0.9984817813765182
0.9984817813765182
0.9984817813765182
0.9984817813765182
0.9984817813765182
0.9984817813765182
0.9984817813765182
0.9984817813765182
0.9979757085020242
0.9979757085020242
0.9979757085020242
0.9979757085020242
0.9979757085020242
0.9979757085020242
0.9979757085020242
0.9979757085020242
0.9979757085020242
0.9979757085020242
0.9979757085020242
0.9979757085020242
0.9979757085020242
0.9979757085020242
0.9979757085020242
0.9979757085020242
0.9979757085020242
0.9979757085020242
0.9979757085020242
0.9979757085020242
0.9979757085020242
0.9979757085020242
0.9979757085020242
0.9979757085020242
0.9979757085020242
0.9979757085020242
0.9979757085020242
0.9979757085020242
0.9979757085020242
0.9979757085020242
0.9979757085020242
0.9979757085020242
0.9979757085020242
0.9979757085020242
0.9979757085020242
0.9979757085020242
0.9979757085020242
0.9979757085020242
0.9979757085020242
0.9979757085020242
0.9979757085020242
0.9979757085020242
0.9979757085020242
0.9979757085020242
0.9979757085020242
0.9979757085020242
0.9979757085020242
0.9954453441295545
0.9954453441295545
0.9954453441295545
0.9954453441295545
0.9954453441295545
0.9954453441295545
0.9954453441295545
0.9944331983805668
0.9939271255060729
0.9939271255060729
0.9939271255060729
0.9939271255060729
0.9939271255060729
0.9939271255060729
0.9939271255060729
0.9939271255060729
0.9939271255060729
0.9939271255060729
0.9939271255060729
0.9939271255060729
0.9939271255060729
0.9939271255060729
0.9939271255060729
0.9919028340080971
0.9919028340080971
0.9919028340080971
0.9919028340080971
0.9919028340080971
0.9919028340080971
0.9919028340080971
0.9919028340080971
0.9919028340080971
0.9919028340080971
0.9919028340080971
0.9919028340080971
0.9919028340080971
0.9919028340080971
0.9919028340080971
0.9919028340080971
0.9919028340080971
0.9919028340080971
0.9919028340080971
0.9919028340080971
0.9919028340080971
0.9919028340080971
0.9919028340080971
0.9919028340080971
0.9919028340080971
0.9919028340080971
0.9919028340080971
0.9919028340080971
0.9919028340080971
0.9919028340080971
0.9919028340080971
0.9919028340080971
0.9919028340080971
0.9919028340080971
0.9919028340080971
0.9919028340080971
0.9919028340080971
0.9919028340080971
0.9919028340080971
0.9919028340080971
0.9919028340080971
0.9919028340080971
0.9919028340080971
0.9919028340080971
0.9919028340080971
0.9919028340080971
0.9919028340080971
0.9919028340080971
0.9919028340080971
0.9919028340080971
0.9919028340080971
0.9919028340080971
0.9919028340080971
0.9919028340080971
0.9919028340080971
0.9919028340080971
0.9919028340080971
0.9919028340080971
0.9919028340080971
0.9919028340080971
0.9919028340080971
0.9919028340080971
0.9908906882591093
0.9908906882591093
0.9908906882591093
0.9908906882591093
0.9908906882591093
0.9908906882591093
0.9908906882591093
0.9908906882591093
0.9908906882591093
0.9908906882591093
0.9908906882591093
0.9908906882591093
0.9908906882591093
0.9908906882591093
0.9908906882591093
0.9908906882591093
0.9908906882591093
0.9908906882591093
0.9908906882591093
0.9908906882591093
0.9908906882591093
0.9908906882591093
0.9908906882591093
0.9908906882591093
0.9908906882591093
0.9908906882591093
0.9908906882591093
0.9908906882591093
0.9908906882591093
0.9908906882591093
0.9908906882591093
0.9903846153846154
0.9903846153846154
0.9898785425101214
0.9898785425101214
0.9893724696356275
0.9893724696356275
0.9893724696356275
0.9893724696356275
0.9893724696356275
0.9893724696356275
0.9893724696356275
0.9893724696356275
0.9893724696356275
0.9893724696356275
0.9893724696356275
0.9888663967611336
0.9888663967611336
0.9888663967611336
0.9888663967611336
0.9888663967611336
0.9888663967611336
0.9888663967611336
0.9888663967611336
0.9888663967611336
0.9888663967611336
0.9888663967611336
0.9888663967611336
0.9888663967611336
0.9888663967611336
0.9888663967611336
0.9888663967611336
0.9888663967611336
0.9888663967611336
0.9888663967611336
0.9878542510121457
0.9878542510121457
0.9878542510121457
0.9878542510121457
0.9878542510121457
0.9878542510121457
0.9878542510121457
0.9878542510121457
0.9878542510121457
0.9878542510121457
0.9878542510121457
0.9868421052631579
0.9868421052631579
0.9868421052631579
0.9868421052631579
0.9868421052631579
0.986336032388664
0.986336032388664
0.986336032388664
0.986336032388664
0.986336032388664
0.986336032388664
0.986336032388664
0.986336032388664
0.98582995951417
0.98582995951417
0.98582995951417
0.98582995951417
0.98582995951417
0.9853238866396761
0.9853238866396761
0.9853238866396761
0.9848178137651822
0.9848178137651822
0.9848178137651822
0.9848178137651822
0.9848178137651822
0.9848178137651822
0.9848178137651822
0.9848178137651822
0.9848178137651822
0.9848178137651822
0.9848178137651822
0.9848178137651822
0.9848178137651822
0.9843117408906883
0.9843117408906883
0.9843117408906883
0.9843117408906883
0.9843117408906883
0.9843117408906883
0.9843117408906883
0.9843117408906883
0.9843117408906883
0.9843117408906883
0.9843117408906883
0.9843117408906883
0.9843117408906883
0.9843117408906883
0.9843117408906883
0.9843117408906883
0.9843117408906883
0.9843117408906883
0.9843117408906883
0.9843117408906883
0.9843117408906883
0.9843117408906883
0.9843117408906883
0.9843117408906883
0.9843117408906883
0.9843117408906883
0.9843117408906883
0.9843117408906883
0.9843117408906883
0.9832995951417004
0.9832995951417004
0.9832995951417004
0.9832995951417004
0.9832995951417004
0.9832995951417004
0.9832995951417004
0.9832995951417004
0.9832995951417004
0.9827935222672065
0.9827935222672065
0.9827935222672065
0.9827935222672065
0.9827935222672065
0.9827935222672065
0.9827935222672065
0.9827935222672065
0.9827935222672065
0.9827935222672065
0.9827935222672065
0.9827935222672065
0.9827935222672065
0.9822874493927126
0.9822874493927126
0.9822874493927126
0.9822874493927126
0.9822874493927126
0.9822874493927126
0.9822874493927126
0.9822874493927126
0.9822874493927126
0.9817813765182187
0.9817813765182187
0.9817813765182187
0.9817813765182187
0.9817813765182187
0.9817813765182187
0.9817813765182187
0.9817813765182187
0.9812753036437247
0.9812753036437247
0.9812753036437247
0.9812753036437247
0.9812753036437247
0.9812753036437247
0.9812753036437247
0.9812753036437247
0.9812753036437247
0.9812753036437247
0.9812753036437247
0.9812753036437247
0.9812753036437247
0.9807692307692307
0.9807692307692307
0.9807692307692307
0.9807692307692307
0.9807692307692307
0.9807692307692307
0.9807692307692307
0.9802631578947368
0.9802631578947368
0.9802631578947368
0.979251012145749
0.979251012145749
0.979251012145749
0.979251012145749
0.979251012145749
0.979251012145749
0.979251012145749
0.979251012145749
0.979251012145749
0.979251012145749
0.979251012145749
0.979251012145749
0.979251012145749
0.979251012145749
0.979251012145749
0.979251012145749
0.9777327935222672
0.9777327935222672
0.9772267206477733
0.9772267206477733
0.9772267206477733
0.9772267206477733
0.9772267206477733
0.9772267206477733
0.9772267206477733
0.9772267206477733
0.9772267206477733
0.9772267206477733
0.9767206477732794
0.9767206477732794
0.9767206477732794
0.9767206477732794
0.9767206477732794
0.9762145748987854
0.9762145748987854
0.9762145748987854
0.9762145748987854
0.9762145748987854
0.9762145748987854
0.9762145748987854
0.9762145748987854
0.9746963562753036
0.9746963562753036
0.9746963562753036
0.9746963562753036
0.9746963562753036
0.9746963562753036
0.9746963562753036
0.9741902834008097
0.9741902834008097
0.9731781376518219
0.9731781376518219
0.9731781376518219
0.9731781376518219
0.9726720647773279
0.972165991902834
0.972165991902834
0.972165991902834
0.972165991902834
0.972165991902834
0.972165991902834
0.972165991902834
0.972165991902834
0.97165991902834
0.9711538461538461
0.9711538461538461
0.9711538461538461
0.9711538461538461
0.9706477732793523
0.9706477732793523
0.9701417004048584
0.9701417004048584
0.9701417004048584
0.9696356275303644
0.9696356275303644
0.9696356275303644
0.9696356275303644
0.9696356275303644
0.9696356275303644
0.9696356275303644
0.9691295546558704
0.9691295546558704
0.9691295546558704
0.9691295546558704
0.9681174089068826
0.9681174089068826
0.9681174089068826
0.9681174089068826
0.9681174089068826
0.9681174089068826
0.9681174089068826
0.9681174089068826
0.9676113360323886
0.9676113360323886
0.9676113360323886
0.9676113360323886
0.9676113360323886
0.9665991902834008
0.9665991902834008
0.9665991902834008
0.9660931174089069
0.9660931174089069
0.9660931174089069
0.9660931174089069
0.965080971659919
0.9645748987854251
0.9640688259109311
0.9640688259109311
0.9640688259109311
0.9635627530364372
0.9635627530364372
0.9635627530364372
0.9635627530364372
0.9630566801619432
0.9630566801619432
0.9630566801619432
0.9630566801619432
0.9630566801619432
0.9630566801619432
0.9625506072874493
0.9625506072874493
0.9625506072874493
0.9625506072874493
0.9625506072874493
0.9620445344129555
0.9610323886639676
0.9610323886639676
0.9610323886639676
0.9600202429149798
0.9600202429149798
0.9600202429149798
0.9600202429149798
0.9600202429149798
0.9600202429149798
0.9595141700404859
0.9595141700404859
0.9595141700404859
0.9595141700404859
0.9595141700404859
0.9595141700404859
0.9595141700404859
0.9595141700404859
0.9595141700404859
0.958502024291498
0.958502024291498
0.957995951417004
0.9574898785425101
0.9574898785425101
0.9574898785425101
0.9574898785425101
0.9569838056680162
0.9569838056680162
0.9569838056680162
0.9569838056680162
0.9569838056680162
0.9569838056680162
0.9569838056680162
0.9569838056680162
0.9569838056680162
0.9569838056680162
0.9569838056680162
0.9559716599190283
0.9539473684210527
0.9539473684210527
0.9539473684210527
0.9539473684210527
0.9539473684210527
0.9539473684210527
0.9539473684210527
0.9539473684210527
0.9539473684210527
0.9519230769230769
0.9519230769230769
0.951417004048583
0.951417004048583
0.9504048582995952
0.9504048582995952
0.9504048582995952
0.9504048582995952
0.9504048582995952
0.9504048582995952
0.9504048582995952
0.9504048582995952
0.9504048582995952
0.9498987854251013
0.9493927125506073
0.9493927125506073
0.9493927125506073
0.9493927125506073
0.9493927125506073
0.9493927125506073
0.9493927125506073
0.9493927125506073
0.9488866396761133
0.9488866396761133
0.9488866396761133
0.9488866396761133
0.9483805668016194
0.9483805668016194
0.9483805668016194
0.9483805668016194
0.9483805668016194
0.9483805668016194
0.9483805668016194
0.9483805668016194
0.9483805668016194
0.9483805668016194
0.9483805668016194
0.9483805668016194
0.9483805668016194
0.9483805668016194
0.9483805668016194
0.9483805668016194
0.9483805668016194
0.9478744939271255
0.9478744939271255
0.9478744939271255
0.9473684210526316
0.9468623481781376
0.9458502024291497
0.9453441295546559
0.9453441295546559
0.944838056680162
0.944838056680162
0.944838056680162
0.944838056680162
0.944838056680162
0.944838056680162
0.944331983805668
0.944331983805668
0.944331983805668
0.944331983805668
0.9438259109311741
0.9433198380566802
0.9433198380566802
0.9428137651821862
0.9423076923076923
0.9418016194331984
0.9412955465587045
0.9412955465587045
0.9412955465587045
0.9412955465587045
0.9407894736842106
0.9407894736842106
0.9407894736842106
0.9407894736842106
0.9407894736842106
0.9407894736842106
0.9407894736842106
0.9407894736842106
0.9402834008097166
0.9392712550607287
0.9392712550607287
0.9392712550607287
0.937246963562753
0.937246963562753
0.9367408906882592
0.9367408906882592
0.9362348178137652
0.9357287449392713
0.9357287449392713
0.9357287449392713
0.9357287449392713
0.9357287449392713
0.9357287449392713
0.9357287449392713
0.9357287449392713
0.9357287449392713
0.9357287449392713
0.9357287449392713
0.9352226720647774
0.9352226720647774
0.9352226720647774
0.9352226720647774
0.9352226720647774
0.9347165991902835
0.9347165991902835
0.9347165991902835
0.9337044534412956
0.9337044534412956
0.9337044534412956
0.9326923076923077
0.9316801619433199
0.9316801619433199
0.9316801619433199
0.9316801619433199
0.9306680161943319
0.9306680161943319
0.930161943319838
0.930161943319838
0.930161943319838
0.9296558704453441
0.9291497975708503
0.9286437246963564
0.9286437246963564
0.9281376518218624
0.9271255060728745
0.9256072874493928
0.9256072874493928
0.9256072874493928
0.9251012145748988
0.9251012145748988
0.9251012145748988
0.9240890688259109
0.9240890688259109
0.9240890688259109
0.9240890688259109
0.923582995951417
0.923582995951417
0.9230769230769231
0.9225708502024292
0.9220647773279352
0.9220647773279352
0.9220647773279352
0.9215587044534413
0.9215587044534413
0.9215587044534413
0.9195344129554657
0.9195344129554657
0.9195344129554657
0.9195344129554657
0.9190283400809716
0.9190283400809716
0.9190283400809716
0.9190283400809716
0.9185222672064777
0.9185222672064777
0.9180161943319838
0.9180161943319838
0.9164979757085021
0.9159919028340082
0.9159919028340082
0.9154858299595141
0.9144736842105263
0.9144736842105263
0.9129554655870445
0.9129554655870445
0.9124493927125507
0.9124493927125507
0.9124493927125507
0.9124493927125507
0.9114372469635628
0.9114372469635628
0.9114372469635628
0.9109311740890689
0.9109311740890689
0.9109311740890689
0.9109311740890689
0.909919028340081
0.909919028340081
0.909412955465587
0.909412955465587
0.9089068825910931
0.9089068825910931
0.9084008097165992
0.9084008097165992
0.9078947368421053
0.9078947368421053
0.9073886639676113
0.9063765182186234
0.9063765182186234
0.9043522267206477
0.9038461538461539
0.90334008097166
0.90334008097166
0.90334008097166
0.90334008097166
0.9023279352226721
0.9013157894736842
0.9008097165991902
0.9003036437246963
0.8997975708502024
0.8987854251012146
0.8982793522267207
0.8982793522267207
0.8982793522267207
0.8982793522267207
0.8977732793522266
0.8977732793522266
0.8977732793522266
0.8977732793522266
0.8967611336032388
0.895748987854251
0.8952429149797572
0.8937246963562753
0.8937246963562753
0.8937246963562753
0.8937246963562753
0.8937246963562753
0.8937246963562753
0.8937246963562753
0.8937246963562753
0.8932186234817814
0.8932186234817814
0.8932186234817814
0.8922064777327935
0.8922064777327935
0.8922064777327935
0.8911943319838057
0.8906882591093117
0.8901821862348178
0.88917004048583
0.8881578947368421
0.8866396761133604
0.8866396761133604
0.8861336032388665
0.8846153846153846
0.8846153846153846
0.8841093117408907
0.8836032388663967
0.8830971659919028
0.8825910931174088
0.8825910931174088
0.8825910931174088
0.8820850202429149
0.881578947368421
0.881578947368421
0.8810728744939271
0.8800607287449392
0.8800607287449392
0.8795546558704453
0.8795546558704453
0.8785425101214575
0.8775303643724697
0.8775303643724697
0.8765182186234818
0.8755060728744939
0.875
0.875
0.8744939271255061
0.8744939271255061
0.8724696356275304
0.8724696356275304
0.8724696356275304
0.8719635627530364
0.8694331983805669
0.8689271255060729
0.8679149797570851
0.8638663967611335
0.8638663967611335
0.8638663967611335
0.8633603238866396
0.861336032388664
0.8593117408906883
0.8582995951417004
0.8572874493927126
0.8567813765182186
0.8522267206477733
0.8507085020242915
0.8502024291497976
0.8486842105263157
0.846153846153846
0.8456477732793521
0.8421052631578948
0.8410931174089069
0.8385627530364372
0.832995951417004
0.8324898785425101
0.8319838056680162
0.8319838056680162
0.8299595141700404
0.8294534412955465
0.8289473684210527
0.8279352226720648
0.8248987854251013
0.8228744939271255
0.819838056680162
0.8152834008097166
0.812246963562753
0.8117408906882592
0.8102226720647774
0.8071862348178138
0.8061740890688259
0.8061740890688259
0.8011133603238867
0.7970647773279351
0.7950404858299596
0.7940283400809717
0.7935222672064778
0.7925101214574899
0.7920040485829959
0.7904858299595141
0.7894736842105263
0.7894736842105263
0.7889676113360323
0.7874493927125507
0.7874493927125507
0.7874493927125507
0.7869433198380567
0.7839068825910931
0.7818825910931174
0.7773279352226721
0.7747975708502024
0.7737854251012145
0.7737854251012145
0.7732793522267206
0.7722672064777328
0.769736842105263
0.7692307692307692
0.7661943319838056
0.757085020242915
