0.0021277787110140544
0.0021291176229737826
0.0021304306575009274
0.002131496966715855
0.002132711652203946
0.0021341397559131656
0.002135274387081158
0.0021362808820158882
0.0021374270397500855
0.0021385836861563504
0.002139213427678131
0.0021398713478157287
0.0021406317030155174
0.0021412533700900715
0.002141921832860723
0.002142534957149301
0.0021431577303352265
0.0021438832061035575
0.0021444788352093904
0.002145223837171431
0.0021462117624569347
0.0021471166049479304
0.0021488911895461227
0.002176201866952128
0.0021874764757717053
0.0021906582174073073
0.0021914259351266947
0.002194609435043559
0.0021992894603282014
0.002203086108045063
0.002205017420979421
0.0022022783733578032
0.00221136515841375
0.0022449044774893573
0.002273872191744735
0.0022855019278115855
0.002296296987743748
0.0023076165416707705
0.002318053965427073
0.0023209736767619586
0.002323626368436464
0.002327341532639546
0.0023337554964211007
0.002339159043797425
0.0023446658851113715
0.0023565024139780826
0.002358863718087019
0.0023602216305677486
0.002363464300640345
0.002366021621205709
0.0023697367280293615
0.0023723534035074182
0.002381862984784156
0.002387827901671965
0.002393496694347553
0.0023978244129716454
0.002401347097152061
0.0024045745564732907
0.0024070332336925946
0.0024084353981261197
0.002409579547958959
0.002413953830679783
0.0024229649802764743
0.002445145739631737
0.002460381359110662
0.0024682191698355525
0.002474015296655554
0.0024782648116619486
0.0024816899703407782
0.0024849614376411047
0.002493538087273833
0.0025042118603952786
0.0025094742855394096
0.002513538367221825
0.002518904583689581
0.0025237369773633105
0.0025301743866127033
0.002532805493922811
0.002538817592148242
0.0025548487602232895
0.002578481211676537
0.002650519329397061
0.0027039058249385853
0.0027125970359915316
0.0027312090596202953
0.0027553454822414622
0.002780635024697917
0.00279550219606016
0.00280977481824983
0.002817304664013514
0.0028268551236749115
0.0028418444263459772
0.0028598000465008136
0.0029053459546600686
0.0029392085643280444
0.002961304418482873
0.0029920637333900935
0.0030148906182976896
0.0030677524348726136
0.0031392766902325108
0.003151724800614971
0.0031745007581378843
0.003182879729843379
0.003198065560343987
0.003207740303431369
0.003219431757207732
0.003234012344461754
0.0032417473809053174
0.003251430761707133
0.003256423493904134
0.0032609344035207486
0.003269494025863558
0.0032725603794041547
0.003292048898970231
0.003314559810288609
0.0033378108845198845
0.003355658923188149
0.0033738608076693617
0.003395749791216603
0.0034152436484798
0.003433644129306013
0.0034470195891601043
0.0034586265316021454
0.003466057993067884
0.003475950941050133
0.003479589238733769
0.003493251350794857
0.003495956911620504
0.0035046978622767714
0.003526376146788991
0.00354048530554676
0.0035486825876531814
0.0035514234567188313
0.003558255586895205
0.00356661302248706
0.0035706509906379275
0.0035815680279537017
0.0035884643998074484
0.0036061392321562074
0.0036165833578359306
0.0036194834143793543
0.003626660376524008
0.003636283009245915
0.003644228490163546
0.0036485795012124855
0.003651612424388615
0.0036584005651187864
0.0036632218482890075
0.0036732316973018173
0.0036776797727612496
0.0036916704808926037
0.0037045682145035353
0.0037182868673433143
0.0037315696863054427
0.003743124291507216
0.0037536334714243207
0.003757101838841713
0.003763309264471913
0.0037768582987249264
0.003787179013486052
0.003797644225573892
0.0038084622172681252
0.003819757150399056
0.0038224280187081437
0.0038265901348639693
0.0038301350667548947
0.00383314894744223
0.0038375739044974495
0.0038423991565465264
0.0038546514360927
0.0038622768593095003
0.003869719445340213
0.0038783827459265155
0.0038861024446111923
0.0038905275144115576
0.003894007028207807
0.0039005517853745162
0.003907273723584209
0.00392228768226281
0.003932130783309224
0.003944425292424619
0.003955747089470637
0.003966206629691732
0.003976689486829237
0.003979680978419128
0.003990753132984548
0.00400198472413148
0.004009453182299731
0.004013410664904682
0.004020461862813997
0.004025725366979233
0.004034440344403444
0.004041532496549911
0.004056728232189974
0.004067393065590847
0.004078114120884586
0.004086141171194366
0.004095563139931741
0.0041010936249666575
0.004107324729100229
0.004119154066408801
0.004126685902167349
0.004134245332168126
0.004145776279755635
0.0041577933272487575
0.004166278547899502
0.004184171585052642
0.004195017138179772
0.0042093015297217755
0.00421763692318243
0.0042274578543073675
0.004248191064983508
0.004255503178653289
0.0042623604120281735
0.004273838375941417
0.004277591333530404
0.00428332636857501
0.004294280402545147
0.004299684515018309
0.004310080507398096
0.004319502730417376
0.004330414117854156
0.0043483640605942765
0.004359615077888245
0.0043659209697313895
0.004373216714220954
0.004381746286202842
0.00438839038835471
0.0043961149780641015
0.004402487584448123
0.004407772730937727
0.00441608099738805
0.00442227315626264
0.004433231212831141
0.004449911363554141
0.0044576119159577075
0.004467609828741623
0.00447223939206632
0.004476756353445374
0.00448426406117557
0.0044924122062126775
0.004497257769652651
0.004502731840354361
0.004509582863585118
0.0045171182254703035
0.004525677701838786
0.004534478627122081
0.00455496509711704
0.00456917847656903
0.004584975817048282
0.004604370408497496
0.00461590422936916
0.004623191129486938
0.0046377904510534005
0.00465094295032377
0.004659708673498381
0.004668551800049343
0.004674628737565203
0.004680587927507967
0.0046879466412577415
0.004695373339441136
0.004702374125473105
0.004709350741339868
0.004715082513943994
0.00472336626249244
0.0047301324821658625
0.004736644491725313
0.004709288299155609
0.004717528324504079
0.004724470433334624
0.004729002936245676
0.0047342788955936285
0.004738830246943552
0.004748652277990775
0.004752722102105611
0.0047582367222769335
0.004762834276790943
0.004768092860562596
0.004774016826452749
0.004778785326778824
0.004773246297548688
0.0047855823277386895
0.00479156212796521
0.004797367850739799
0.0048053203875831315
0.00481011407970764
0.004814060615646191
0.004820254968722781
0.004824313748798875
0.004831253348147854
0.004837251805278266
0.004843120680224753
0.004847411064439711
0.004853256265882705
0.004861249750449191
0.0048688801575637606
0.004875558136275354
0.004884262045171902
0.004899396378269617
0.004909224705396115
0.004914128877318319
0.004918893804415894
0.0049243649894839025
0.0049398494715273975
0.004947678553286599
0.00496098445490292
0.004976090244002126
0.004989089567987871
0.005007300170680047
0.005032499405813725
0.005055800674798858
0.005073392297194529
0.0050930234990221816
0.005110714660510022
0.005120171583573396
0.005131501306583495
0.005140546987977242
0.005151585672879599
0.005159772842854721
0.005171937724347401
0.005179198128256939
0.005190514255262456
0.005208054839641104
0.005221232296591725
0.005234420344375416
0.005243945773078207
0.005255320067337161
0.005263726761781237
0.005268339120933805
0.0052791327913279135
0.005286353176153879
0.005294571705026038
0.0053101011863224004
0.005323917178651857
0.005334998466324876
0.0053462433583629735
0.005356298324919436
0.005353071407329082
0.005363350438669094
0.005371471517938062
0.005378009915014165
0.005389281318267002
0.005395204262877443
0.005409797744804479
0.005419570671870644
0.005428105524158421
0.00543751888027389
0.005445866296138589
0.005454974015915953
0.005461901550910317
0.0054685390224142585
0.00547599463668015
0.005486565816211334
0.005505522514868309
0.005512391538592412
0.005521597854984208
0.005527941126289569
0.005545792728849534
0.005554031815688426
0.005562868425570881
0.005571797076526225
0.0055809466939206725
0.005590447926012838
0.005607864857380227
0.005616354454370009
0.005628191914395896
0.005643878250165484
0.00565149136577708
0.0056859395839670545
0.005700612287986488
0.005711465237625159
0.00572262911240374
0.005734174974927733
0.00575468011793542
0.0057628686279392405
0.005769641712372676
0.005786127580541468
0.005799453467142397
0.00580638224155028
0.005817781342399176
0.005826779205831575
0.0058348941074773085
0.00585563333614468
0.005871692642261689
0.005888482322436814
0.0059068037628527675
0.005926467898298884
0.005950340369263921
0.005989868987021951
0.006011652214786685
0.006025664868885996
0.006035617595191376
0.006044475399233869
0.006050570820312987
0.006063403740346587
0.006073329834295569
0.006085878507832751
0.0060990148710547785
0.006118440930607312
0.0061290892122985345
0.006142801167890593
0.006157120595948463
0.006166573618230726
0.006174094212104274
0.006182655488696936
0.006190451928465889
0.006205153085978397
0.006210861965193561
0.0062217775041050905
0.006231770465262698
0.0062410726924116275
0.0062524171715869535
0.006267931453384683
0.006284662831078629
0.00629984672537864
0.006307794352898334
0.006316831425259511
0.006325976939531486
0.006333411684818094
0.006352824059520067
0.006375203743624797
0.006384267059814659
0.006392513509951232
0.0064028938439806195
0.006411612289143885
0.0064326166823613674
0.00644184409409077
0.0064528146246058465
0.006476165042061691
0.00648499759319677
0.006502909549220992
0.0065124273226538475
0.00652320107599193
0.006532514411939012
0.006543354784743865
0.006570747303961415
0.006581447104163274
0.006595947232422141
0.006607449388300046
0.006620437358377242
0.006634565401767394
0.0066441996821743655
0.006639960489491302
0.006650178620500137
0.006671261199172984
0.006681760450604672
0.00670787482329462
0.006718769521218262
0.006727922267476612
0.006738413131552202
0.00675016038604223
0.006782036012050725
0.006790980903873946
0.0068041555958556505
0.006827479193116095
0.006858146883368994
0.0068767582620556395
0.006899107677395444
0.0069098436719251905
0.006937277835110653
0.006958121882143216
0.006983119319001587
0.007008094059047536
0.007030285423778052
0.007054776550155963
0.0070821322485769885
0.007099064214262665
0.0071132535786719965
0.0071256109769742655
0.007138327212660207
0.0071491875923190545
0.007160610723162504
0.007177920479318987
0.00719050378095705
0.007202809691053039
0.00721429742580751
0.0072291676001852104
0.007238249061569982
0.007250284618611061
0.007259092613423322
0.0072915725089638134
0.007304227095060592
0.007316040873087853
0.007325120319641614
0.007338781822868493
0.007349703126660896
0.007365249414127887
0.007380861608844834
0.007392360209552029
0.007402988727267165
0.007418988932830559
0.007428781925343812
0.0074608459736095695
0.00748160514437643
0.007479211508385078
0.007475417972021465
0.007469538289164501
0.007482346339106171
0.007501289284095704
0.007519739315703722
0.007541596618850849
0.00755346436495822
0.00757659463640238
0.007589652773385617
0.0076122811469170265
0.007628734901462174
0.007645016404931036
0.007663936389327969
0.007685779706339167
0.007705025924201808
0.007726109421024675
0.007741186336806116
0.007756196878130756
0.0077703851197124954
0.007787024869810678
0.007801706623323852
0.007813263013966208
0.007832642537776182
0.00785250380355653
0.007865113306788575
0.007878409874273708
0.007891102781613731
0.00791165320586781
0.007924584372059236
0.007966540529774946
0.007976204323767427
0.00798801797304044
0.008006672226855712
0.008031725314994227
0.008059912012627195
0.008069542950521404
0.00809559221200649
0.008109435048334942
0.008122498812995997
0.00814584289917181
0.008157079118558633
0.008178387884375693
0.008194758092109766
0.008211334727603114
0.008227413260048094
0.00824100199573326
0.008257908800965434
0.008287914179427286
0.008310201249132548
0.008325077776039766
0.008339426860266723
0.00837441868596804
0.008378615249780895
0.00839185393258427
0.008408239370965189
0.008440308653965002
0.008462723297275286
0.008489627735152033
0.00850579212413474
0.008521258579196007
0.008536933847692527
0.008562778782938932
0.00859171384919565
0.008611216199174909
0.00863486099318966
0.008650487721012722
0.008669157386920092
0.008692173407041023
0.008734262795329545
0.008752174311086698
0.008762603116406966
0.008796142946523868
0.00881951363518949
0.00883614315291334
0.00884841080320616
0.008870084803948857
0.008898486512649626
0.00891890883307833
0.00893792071802543
0.008970124605915028
0.008984793518918817
0.009012406199328783
0.009031307272280688
0.009044465468306529
0.00906075253530471
0.00907796030766309
0.009096098953377735
0.00911222525115809
0.00912875749589397
0.009146399800998833
0.009166922368824793
0.009190716991289968
0.009209841814223232
0.009227086711450854
0.009243502475247524
0.009261053202619444
0.009277950310559006
0.009311930180004676
0.009327011258756268
0.009364286413948477
0.009379721748003375
0.009437687569104406
0.009469659448857895
0.009496185632549269
0.009520395156150415
0.009544347270476419
0.009607847078450684
0.00962719784092969
0.00965032706129371
0.00967082768527323
0.009676830381595765
0.009692363961474377
0.009719618550819138
0.009735687315032146
0.009753603925978939
0.009749703002744664
0.009749989736852909
0.009767231452541537
0.009785743716522455
0.009801493954025835
0.009814860732291925
0.00981630666639054
0.009849145991771599
0.009847601598934044
0.009864647855012617
0.00989187945709685
0.009906174080589763
0.009924673199185883
0.009945332211942808
0.009959991577174141
0.009978481920594067
0.009979069324932874
0.009999364447174967
0.010018253597656748
0.010036147140123325
0.010059461648302466
0.01007728767240275
0.010105118927829754
0.010097978260403491
0.010122066534857732
0.010143210940023689
0.010161812297734628
0.010140759800211896
0.01015767131594906
0.010173977179053321
0.010199865161697222
0.010222987553676134
0.01024330581400428
0.01026662580447441
0.010292084531150563
0.010314719919065737
0.010340646014772352
0.010358231370643579
0.010377024515443844
0.010396577331471259
0.010385624694213405
0.010427598526292286
0.010442754919499106
0.010460063611521749
0.010469557402830825
0.010488408732838173
0.01050946076994204
0.010531311442066487
0.010552297275876905
0.010574326624157571
0.010598617176128092
0.01068709292725438
0.010683269769792768
0.010706391600663105
0.01072837597766652
0.010776361529548088
0.010816217347816985
0.010834109972041006
0.01085282173365075
0.010880756271059529
0.010907555534704792
0.01093345873501058
0.010985376455857686
0.011009565299744294
0.01103176674337501
0.011063262829816088
0.011128928032932054
0.011158839480694007
0.011178959515338014
0.011214006656055564
0.011288051658008448
0.0113345521023766
0.011337259022161409
0.01137004092234556
0.011408620392908953
0.011430823807646828
0.011450759262007221
0.011493396882136828
0.011515980599427931
0.01154354384302775
0.011565747402078337
0.011588036541108748
0.011510971786833855
0.011536141550216145
0.011557346090897645
0.011579505032922122
0.01161231563235257
0.01164442640418083
0.011674933231590997
0.01169754580901654
0.011722341403616304
0.011746340464735388
0.011783431314661258
0.0118137595552467
0.011839966982227152
0.011864143920595533
0.011888111888111888
0.01193696036617081
0.011970269917851089
0.012008476571697669
0.012039344262295082
0.012063391941969566
0.012095817851213535
0.01213098290033565
0.01216280672001696
0.012189939979816222
0.012215893969234044
0.012303980699638117
0.012351991388589882
0.012411443404899681
0.012440710123322943
0.01246469693678036
0.012575342465753425
0.01260400362468078
0.012627930009904259
0.012676406418293795
0.012774128910163643
0.012806919642857142
0.012857503011288832
0.012917206056171554
0.012911063396994011
0.012952046253259268
0.012984798977127433
0.013014381318524847
0.01305527781745465
0.013096807474064309
0.013134070987210806
0.01312290438200948
0.013241556320363997
0.013294679199976574
0.013341953685200423
0.013376152735629475
0.013414093662283941
0.013459429011888175
0.013519952352590828
0.013587932479348737
0.013600744588224698
0.013605851720297402
0.013639929989739875
0.01367624810892587
0.013714008313359023
0.013790999237223494
0.01382220727194887
0.013877801657967455
0.013921828317984416
0.014035523537448764
0.014075734927752865
0.014113092078558716
0.01416217571124201
0.01410485973675117
0.014139505589670918
0.014203017745864042
0.014249896854866863
0.014258887934052644
0.014293918703337375
0.014343803028847694
0.014381099126861838
0.014428341384863125
0.014505451713395639
0.014549833995182605
0.014584964761158966
0.01462600615142988
0.01472429013769023
0.014797894527758466
0.014859384349444851
0.014871623874624875
0.014919880908573914
0.014956977682172627
0.015027184007023943
0.015210555099808586
0.015261677755675973
0.015320382319450675
0.015370767846015371
0.015423628721297808
0.015479552348080745
0.015552208483659673
0.015600843288826423
0.015677966101694914
0.015736868221450345
0.015725619952325045
0.015770507011096443
0.01583378112126097
0.01588214157384118
0.01592620617590891
0.015995946728430806
0.01604355716878403
0.01610787172011662
0.01616205938277022
0.01621244910684811
0.01627453146286682
0.01637947007596813
0.016394661511580356
0.016449699727703382
0.016617680307483607
0.016703912730578387
0.016772525006655763
0.01684878123328494
0.016927033355083866
0.017027027027027027
0.017145523113409278
0.01719767577896502
0.01725554642563681
0.017304296645085343
0.017353323102349192
0.01742945221721603
0.017486815496252826
0.017555732484076433
0.01765977895242672
0.017717959019686622
0.01785352819723898
0.017919544900446973
0.018001469507714914
0.018056010481493613
0.01813396932439656
0.018235950874581318
0.018376211159371866
0.01853177778713726
0.018585005279831045
0.018746538281283285
0.018802615272851587
0.018923103388955788
0.019011406844106463
0.019139588498847275
0.019217330538085255
0.019292322532555795
0.019376431213669193
0.019414470192817973
0.019494648963097827
0.019617481455000446
0.01960960287188692
0.01973268310304344
0.019790770345545945
0.019888044418149547
0.01996710225715069
0.020024744535581725
0.020098422480798416
0.02017078236787445
0.020265256909664256
0.020344506517690875
0.02043775137966514
0.020527032739912632
0.020590868397493287
0.02066780174044646
0.020726373835329912
0.02082040017191156
0.020926325893928486
0.021085211335719122
0.021180471216905514
0.02129010205576444
0.021376740537360266
0.021443747220712486
0.021548085993744102
0.021739130434782608
0.021854071201973916
0.0219435736677116
0.022217671751817346
0.022296429488826097
0.022382671480144403
0.02249287380150298
0.022600635317398324
0.022720134017380378
0.02285654097324626
0.022949606049389244
0.02305934859996812
0.023060908557091763
0.023162296927778672
0.023249555998062537
0.023332433162300836
0.023361699821128516
0.02338481618446813
0.02348828317037199
0.023612102575366535
0.02372413793103448
0.023865023865023864
0.02385597235382643
0.023985653440932526
0.02412082957619477
0.024242424242424242
0.02438468550592525
0.024511769085390298
0.02460618604116362
0.024725592143269786
0.024837511606313836
0.024973681132296175
0.025125036775522212
0.02527674184573492
0.02542726135889954
0.025545916841160633
0.025667227698966098
0.02576946288473144
0.025879351193730638
0.02609015188633023
0.026158675447774973
0.026306016340678386
0.02629615814994405
0.026348729503066718
0.026481318404830798
0.026669200557455974
0.026713420465412814
0.026886550308008215
0.02702702702702703
0.027142579516745483
0.02732668101480467
0.027420624508003148
0.02756892230576441
0.027711482365420315
0.02772963604852686
0.027908224875888905
0.028077753779697623
0.028239766478854116
0.02838234290782561
0.02855570081882612
0.028857520339336626
0.029013946317191112
0.028926202906730633
0.029102782509937534
0.02933810375670841
0.029445644348452125
0.029626946758420862
0.02969138511042855
0.029896907216494847
0.02999555621389424
0.03022613627882678
0.030209664086570977
0.03000755857898715
0.030153425489898224
0.030368098159509204
0.03049015824006175
0.030686761963952765
0.030694542322449298
0.030868572328529804
0.03111852028260697
0.031282419599393506
0.03151632095192153
0.03178206583427923
0.0319660768164397
0.0321891936278535
0.032231404958677684
0.03236811449492428
0.03259867594066873
0.032857504856829124
0.0330585535820515
0.033079750406017606
0.033227167082723594
0.03334776959722824
0.03353658536585366
0.03354113618403723
0.03374558303886926
0.03388775237925821
0.03410006265103374
0.034150297350874034
0.03450159308147474
0.034767452527291076
0.03465804066543438
0.03488372093023256
0.03515367985712943
0.035378924404818365
0.035841260689920246
0.036104926918981706
0.03589242053789731
0.03596413439747759
0.03616133518776078
0.036325427799459624
0.03596614950634697
0.03632478632478633
0.03666427030913012
0.0368720870015536
0.037281390721541526
0.03748680042238648
0.03787070620866226
0.03816711590296496
0.03855789129724431
0.038858397365532385
0.03944289693593315
0.03976634464165356
0.04031890660592255
0.04051417422242626
0.04091804798887214
0.04062756117550638
0.041280038068046636
0.04130643611911623
0.04119214926096438
0.04153940134392181
0.04180064308681672
0.04142678347934919
0.04168250348409983
0.042074112197632525
0.04276746010986136
0.04374077552663357
