0.0020980210731901643
0.0020997463749852243
0.002101323441480414
0.002102658611120684
0.0021039862568733047
0.0021053820099772406
0.002106976098075733
0.0021084327758296596
0.002109760628246345
0.0021113194591125877
0.002112672848844816
0.0021145043606689284
0.002115779517007647
0.002117067996394055
0.0021182602906566986
0.0021195962762107015
0.002120847410484919
0.002122086771873228
0.002123792880021045
0.0021254083127621327
0.0021265970097643096
0.002127870768676856
0.002129056065686559
0.0021332773826220446
0.0021376829461602514
0.0021425651988156305
0.0021451495739787684
0.0021535359751589486
0.002163795095494769
0.0021819863212989184
0.002187460875375909
0.002194576844918497
0.002202514279298579
0.002209066275976547
0.0022170449336249708
0.0022233624088933814
0.0022344121432881893
0.0022606010573123143
0.0022860822955535318
0.0022975883942116873
0.002302593611513791
0.0023144825874133893
0.002327319078724933
0.002347970871001667
0.0023643988111115644
0.002379978254736029
0.0024059094007642017
0.002421434882813954
0.0024320381194299218
0.002443370557255964
0.0024544793089946552
0.0024705745221253505
0.0024965313925360984
0.002513786386604396
0.002522095913766946
0.0025322475015662946
0.0025428960025978714
0.0025534124134928087
0.0025634051075533086
0.00257326121858227
0.0025905916948136152
0.0026051940438606
0.002617141176324393
0.0026304761587568897
0.0026471475015172863
0.002660069251959168
0.0026749274454157335
0.002688894587093595
0.0027027510173546184
0.002714899339891925
0.0027324273462330574
0.0027438668005183506
0.0027543684879356004
0.0027568738012343965
0.0027662401891113083
0.0027737711107738653
0.0027827975486281777
0.0027953345197708635
0.002816076402788456
0.0028339240297589204
0.0028437848341162308
0.0028543775288696217
0.0028640443436586346
0.00287549944820925
0.002882710672413546
0.0028882500303282726
0.0028944210703973454
0.002901169231555757
0.0029082403188473906
0.002918622363780176
0.0029265088412011035
0.002937336563022274
0.002952273806167699
0.0029659236418738202
0.002978893178324334
0.002987933816197205
0.0029945735947386545
0.0030031178504153423
0.003013017789260011
0.003022664284243557
0.0030307960972181234
0.003040274803546775
0.0030471209292800634
0.0030543840536039497
0.003064487894125716
0.0030713069201038206
0.0030790459019957605
0.0030864002991902134
0.003097191678106998
0.003106955023132946
0.0031143652713667954
0.0031214723803248213
0.003128372309642158
0.0031362095267408485
0.003143138220788028
0.0031509124283359054
0.003155926479261634
0.0031645168449402463
0.003174871994453544
0.003182368692569393
0.0031872550091095716
0.0031932997806337405
0.0031987638439901463
0.003206010263201947
0.0032152818342243428
0.0032198863896476925
0.0032278892123809664
0.0032348177761718725
0.0032447668673230524
0.0032554196794633648
0.0032596597002696177
0.003265321998361152
0.0032704371951677064
0.0032787315072829075
0.0032834266787299797
0.0032890803895796452
0.003295295393622372
0.003303885414328495
0.003309683929788795
0.003317558049914857
0.0033262141158456856
0.0033355800167169094
0.0033433705333772512
0.003350123139727393
0.003355888823858444
0.003363784551057508
0.0033713947705595717
0.00338028898809711
0.003391332711752967
0.0034019425738067936
0.0034096187608647142
0.0034182864259065635
0.003423960135110627
0.0034293060172816093
0.003435939190641148
0.0034453670225350974
0.0034536722595494614
0.003463050241596193
0.0034707804663444896
0.0034769088641505826
0.0034844549177502912
0.0034921943026304542
0.003502019347288076
0.003508313827007144
0.003517465494721026
0.003520854439282708
0.003524988049033416
0.0035333772278412184
0.0035406442479280643
0.003552937823496901
0.003565277429658012
0.00357907610811283
0.0035913624017409984
0.003599495002611435
0.003609418204877584
0.0036139949928704783
0.0036203978354700387
0.00363033379778365
0.0036404253942212165
0.0036472475588378026
0.0036535824996828904
0.003660581518685935
0.003667067709352873
0.0036721879237625417
0.00367688127369309
0.00368313635773461
0.0036880322030057385
0.003693514298435184
0.0036980844231333304
0.0037017839224473843
0.0037050982408611552
0.003709412958545737
0.0037194760774391725
0.0037246493463326345
0.0037304307193006684
0.0037360084299689206
0.0037419514106453956
0.0037471707499465703
0.003751568835787681
0.0037556629282023742
0.0037634949286825914
0.003767481054611308
0.00377065026471346
0.003774733755987655
0.003779509682761883
0.0037850356705692568
0.0037919659613172684
0.0037975980868058183
0.0038057417589372287
0.0038139557595070874
0.0038203646031909986
0.0038266890589712735
0.003823246233702748
0.0038299746724908493
0.003836720190829414
0.0038439966311074143
0.003849079091225242
0.0038576334390123864
0.003865086898296072
0.0038650203031628493
0.0038713338154017906
0.0038762834913626458
0.0038816396103240436
0.00388633412179399
0.003893044261593843
0.0038982209346241628
0.003902945637447316
0.0039100313713119166
0.00391752896912543
0.003922637020753399
0.003927795216986397
0.003934022864915339
0.00393866036911701
0.003943223265109685
0.003949060369241368
0.0039456705980667195
0.003952106726240005
0.0039569852722377095
0.003961177122831653
0.003968417788879879
0.00397306028784486
0.003977803140475148
0.003982085294303743
0.003986716531931221
0.003990193162723729
0.003995848230361041
0.0040004850894306485
0.004004730630963051
0.004008566809945179
0.004013413949371389
0.004017557821987792
0.004022391195651209
0.004030298017133625
0.004036035210796651
0.004041703296508676
0.004047418317330033
0.004056292801067552
0.004060431896486284
0.004065415965579292
0.004071420499471871
0.004077170117279774
0.0040825464025665
0.0040891681313322955
0.004094752045047478
0.004099895941853821
0.004105237554405183
0.004112335055110711
0.004118590030398529
0.00412454747401182
0.004130456317421228
0.004137202298757691
0.004142227733796297
0.004148241675506792
0.0041539206165388575
0.00415924970921314
0.0041669131551228256
0.004172162978127707
0.004177467421560556
0.004185625042501162
0.004190918538321073
0.004197719024862185
0.004205060450453113
0.004209660671351399
0.00421493583335817
0.004222296497822475
0.004229236614015946
0.004238488627176945
0.004246105989762635
0.0042529085954388195
0.004260719446501229
0.00426552873512569
0.004273140268785566
0.004278902659131105
0.004287237732429427
0.004298420999209558
0.004306266554276065
0.004312591379608643
0.004314116073114965
0.004321148773906054
0.0043287687673458355
0.0043381624446241045
0.004345882674909074
0.004353197324087064
0.004358927440050165
0.00436573927190398
0.004371560888847087
0.0043792811114207655
0.0043858479879257065
0.0043954623306539705
0.004402257630172708
0.004407778443674492
0.004414769431269545
0.004420255607231549
0.0044255758739882335
0.004430405748457976
0.004437295661171657
0.00444329766911326
0.004451840601348993
0.00445934655336787
0.004463906014520109
0.0044700579058847625
0.00447540593958453
0.004479975261891271
0.004485958547788895
0.00449308602033728
0.004499764390419143
0.004509337648294911
0.004516986565198867
0.004519605328966028
0.004526759605415423
0.004531655564266371
0.004537837557464405
0.004542024117769886
0.004547474771526887
0.004557800339441688
0.00456725686082104
0.0045723923125635165
0.004578471427063346
0.0045851488237133795
0.004591323001334066
0.004599541576850266
0.004605247434311832
0.004611442832849375
0.00461711363310346
0.0046256506064060576
0.004635896952068706
0.00464486487209065
0.00465139930516557
0.004656993360145279
0.0046630882969774376
0.004669320892770477
0.004675745685911394
0.0046824227794185075
0.0046912830583097104
0.004700495999167173
0.00470619060875323
0.004712998779868719
0.0047189439700548634
0.0047250551971437585
0.004732971700123517
0.004739271854058276
0.004746763852464887
0.004751148621788201
0.004760437243502807
0.004773959110247801
0.004785949794650892
0.004797615507076724
0.0048134584089010776
0.004824644322260249
0.004833763793309541
0.004842190888923352
0.004851416729438389
0.004860616003642324
0.004862148929992753
0.004872488323864859
0.004884192539259456
0.004896962797097511
0.00491328100518326
0.004926153458739827
0.004936240705425124
0.004944889394678463
0.004953196094561943
0.004969383869001118
0.004980095858717727
0.004993764362261612
0.005008172304868169
0.0050122964003521345
0.005019157582104998
0.005027823872252769
0.0050346290750968425
0.005045247138892076
0.005055667540662644
0.005063804679255709
0.005071476311443206
0.005077983573023563
0.005087052195118463
0.005095889208387388
0.005108468310131146
0.00511927276605457
0.005125367649120074
0.005133951339657619
0.00514432424904928
0.005153997829976701
0.005168103059466618
0.0051773910225308035
0.005189178845239027
0.0051969625508834095
0.005205528859826441
0.0052150835179604164
0.005222834827636095
0.005229577884997575
0.005238637209623246
0.0052455029587124375
0.005254136243493288
0.005263911388416947
0.005273193192195795
0.005283278859695993
0.005293291069330879
0.005305905890879232
0.0053156632128664874
0.005328810322293479
0.005336795432142014
0.005347178722590919
0.005357370677062675
0.005367915971066447
0.005376966467414792
0.00538705346231317
0.005395925457370789
0.005416631234151385
0.005430054275964047
0.005442054761241932
0.005451241141060302
0.005462691480650319
0.00547716635296214
0.00549299753777056
0.005506808069645878
0.005509399580720157
0.005521658301001359
0.0055326337706952675
0.005547545024269555
0.005555561962045524
0.005564036396054127
0.005571649797614788
0.005581872102161702
0.005592588950436221
0.005596992916872698
0.00560616404420852
0.005616478965318377
0.005624643241672656
0.005631797126948737
0.005641030938284045
0.005650924683836414
0.005664717896292234
0.005673034486539962
0.005684057122327031
0.005694463367205907
0.00570513090969846
0.0057252862424253675
0.005732473319258094
0.005744414090238995
0.005754778339800451
0.005774115502675185
0.005785471582964369
0.005796417037798993
0.005808634869039734
0.005815628905167096
0.005826129925506875
0.005835279381620256
0.005846403321921381
0.005862651933914091
0.005878821512736469
0.005895426067129149
0.005906712074439525
0.005918689560958604
0.005932883488219443
0.005941433583639023
0.00595756319935322
0.005971827659349987
0.005992595067721253
0.006006629026327749
0.006016648396510674
0.006031688280820658
0.0060437640482819644
0.006056693073416776
0.006066012983424979
0.006075453308602218
0.0060920192096886715
0.006103404344149602
0.006115194152107147
0.00612901859741561
0.006141713952883264
0.006156476764235432
0.0061790452809615355
0.006194223841028959
0.006205672455693019
0.006214658291778045
0.0062300711806363845
0.006240769089258638
0.006252170532161259
0.00626280004209062
0.006279364572297181
0.006291309163636358
0.00630632540685213
0.006319238389190789
0.006331597074415305
0.006345761963474587
0.006358001686449137
0.006370169957654761
0.006382748617204111
0.006397417925374933
0.0064123905737913526
0.006424700300558896
0.006438757532031788
0.0064507149130701566
0.006451781365772841
0.0064647129765463135
0.00647467332884471
0.006487272550144391
0.006496974843631359
0.00651274286957632
0.006529687306455015
0.006543022204929093
0.006557454226644689
0.006576598248573262
0.006597251375695131
0.006608738259353464
0.006616697457041045
0.006628636926925859
0.006643072939175085
0.006656698302337034
0.006671171559467471
0.006682598933742302
0.006694688780656732
0.0067125693534377225
0.006723946877913356
0.0067353830073655415
0.006748381071963311
0.00675911746367841
0.006774274428062742
0.006774538292554779
0.0067864101221039655
0.006797940202252275
0.006809981267040173
0.006823996262529872
0.006833220702115853
0.006847942661537296
0.006855275776451578
0.006868535127812073
0.006870404847074332
0.006882494932458067
0.006897657286149797
0.006912144787117184
0.006932668178223138
0.006941434620817203
0.006953239394400395
0.006968698616727276
0.006985186920187066
0.006996794892498406
0.007010485087677799
0.007025736826738299
0.007044421177131843
0.007054372159403725
0.0070633046850275775
0.00707501736744147
0.007085075512217664
0.007102063703074158
0.0071190731036928365
0.007132092944810629
0.007138557574341163
0.00715338694927968
0.007164270558950411
0.007175349761993981
0.00718804213314299
0.007201594301511497
0.007218632359250176
0.007231754946943595
0.007243992955375132
0.007257880169068632
0.007269008359106609
0.007295175365754667
0.007306048024561284
0.007316545218665862
0.007322228465896649
0.007334528219586091
0.007351858597714728
0.007364190305058187
0.0073798220587983805
0.007395371767861876
0.0074142937654458774
0.007429160809585701
0.007441052960618134
0.007457058769359674
0.0074733930559651995
0.007493905964436067
0.007510629554734018
0.0075207548796847505
0.007538957903056295
0.0075534609827570525
0.007564598000843527
0.0075837297675899465
0.00759755608247057
0.007615289684239834
0.007620714700135178
0.007629374129864331
0.0076415821914000235
0.007655150939442239
0.007684500524680245
0.007694014274661452
0.007707264994148892
0.007719037810060041
0.007732995615518405
0.00774772353974275
0.007761458135303776
0.007777988345359923
0.007792669945867341
0.007806080911105159
0.007828981238210478
0.007841126321626011
0.007856184572784369
0.007873058497540282
0.007889571033354052
0.007911425139062251
0.007928226940940896
0.007929875304289019
0.007946884027891135
0.007963568563221893
0.007985965071178155
0.00801053089410731
0.008024759816213783
0.008057380527746584
0.008084613974217813
0.008101934028538368
0.008111748235425546
0.008125961707246512
0.008144045311092401
0.008162732218251052
0.008177994513523532
0.008191864715337456
0.008207941753579667
0.008226482220657413
0.008247451292403715
0.008256280553153507
0.008281739266898675
0.008302514366989528
0.008316929004326007
0.008345210437920058
0.00837159526528251
0.008410909694326377
0.008422093320828952
0.008442843103573143
0.008458310434929145
0.008477027199609804
0.008494560254639547
0.008509486468245196
0.008524225092813881
0.008542328434884913
0.0085602126586931
0.008575254756055545
0.008592027551912396
0.008597066515593856
0.00859389325372214
0.008609247313934911
0.00862771121857225
0.008644059434276881
0.008659846859695945
0.008679324730258637
0.00870265667757275
0.008720659389771578
0.00875916923055114
0.008755005215360408
0.008772407203488816
0.008788586881675622
0.00881194110712244
0.008846888273813554
0.00887259865715247
0.00891142788517879
0.008931021016493386
0.008956104215424698
0.008980545241729986
0.008998890244943273
0.009020473222740001
0.009062490495082964
0.009077917789699666
0.009098301083119913
0.009134630430823453
0.00916421777432381
0.009185625771689151
0.009211073261366741
0.009241107719118536
0.009265354619372255
0.009284733426672718
0.009305682097876768
0.009325303271458533
0.009354959362582276
0.009377770760046462
0.009390884738885785
0.00941391841066876
0.009437238888401513
0.009461822089580194
0.009481110198929141
0.009504378785822495
0.009536475867566887
0.009560887861599395
0.00959480647555437
0.009646669771656045
0.009672453269767468
0.009698298809183638
0.009722507628849606
0.009746830494169396
0.009776734588884884
0.009801278434896137
0.009822922493689662
0.00983769365845674
0.009860635365719413
0.009881252237943347
0.009906894905876802
0.009924963997475354
0.009935824325037493
0.009961426000929757
0.00999366330212005
0.010012640562608541
0.01003579440015288
0.010075639294652192
0.010112641430202907
0.010152355631601726
0.01020259362726904
0.010234830545817517
0.010300001475396956
0.010332010336842945
0.010370675953814119
0.010406505492613382
0.010430925786170702
0.010467409563993498
0.010510171979166632
0.010554469902956339
0.010592347138402302
0.01063038758469823
0.01067888520967968
0.010724186710530673
0.01075333596856705
0.01077353651826905
0.010810956935743358
0.010859879720729344
0.01093689483031351
0.010979009205502129
0.011015412281435296
0.011066001765100137
0.011096061618585984
0.011143791418910582
0.011162943016200355
0.011218467906844458
0.011273686750559394
0.011293448897736633
0.01132731303671448
0.011355787971271583
0.011390940181968867
0.011417940092994008
0.01144829779285943
0.011498282794620713
0.011527272549526608
0.011564526332424824
0.011604788481316472
0.011637237781666653
0.011669270115195564
0.011706090195683572
0.011746022054200795
0.011789504527774594
0.011843522223461904
0.01187701323678285
0.011950966597703613
0.012019308519437544
0.012056741840883357
0.012097548625053288
0.012121312559071798
0.012170227626298573
0.012201524670390294
0.012238319433134559
0.012289622707152318
0.012345798438500262
0.012369856845244224
0.012401917969819997
0.012443328274907291
0.012488499506393936
0.012527761096360376
0.012551606844618344
0.012604447722905846
0.01263963405629516
0.012704833182787062
0.012761306396237751
0.012805731547111322
0.012866631921508064
0.012893430080248522
0.012933901021019864
0.01298018053664671
0.013026194702627433
0.013045157422614844
0.01309287802155165
0.013143190315239053
0.01318492638243708
0.013233847721911586
0.013287048022124642
0.013320090536196117
0.013386010827494901
0.013453652216242586
0.013511665503623555
0.013552271899136152
0.01359540892361482
0.01364601994477857
0.013710299891441177
0.013744474465158493
0.013791248553474723
0.013845765089520361
0.013887797112307438
0.013954365109898986
0.01404048312533901
0.014067193950903778
0.01411064557138312
0.014157470542750645
0.014225292693844994
0.014303357966599142
0.014370792933618662
0.014418033226710977
0.01447910382542432
0.014519352226302658
0.014581989252761883
0.01464954908149808
0.014735193324332485
0.014753755117062376
0.01479173044530912
0.014846801996623558
0.014892930595637777
0.014930440874599675
0.01499600813806246
0.015010769858391114
0.015069120797030362
0.015130779728551584
0.015189819549488122
0.015269987847530399
0.015349081110250358
0.015391753941121833
0.015446220337382948
0.015499556679142046
0.015556698247086363
0.015628271032265967
0.01570171820169179
0.01576610738225369
0.015841051965376232
0.01590624560692937
0.01597399753790049
0.016052179370859093
0.016115186318111725
0.016187390892753582
0.01624175710904782
0.016331809106622377
0.016378688306751616
0.016447528035222064
0.01650840922324713
0.016554129910876677
0.016626039023719216
0.016638255762684198
0.016688497413716738
0.01674690068379635
0.01681704872372891
0.016887562032088927
0.01694872718413814
0.017010765054636813
0.01710575735870884
0.01715811457799761
0.017226844132984188
0.01730033043140057
0.017357068145483028
0.017423228275095765
0.017520848690022656
0.017603628364465045
0.017690957318791285
0.01775294617908159
0.0178493205363693
0.01794142645071298
0.018009881360326774
0.01806336795471017
0.018127691235492235
0.018190398225337787
0.018227163742118278
0.018301113209920013
0.018380334936400587
0.018451490479185064
0.01853286643723616
0.018611576297375795
0.01870294858595626
0.01880770303344792
0.018889557010244827
0.01899185534016668
0.019079100182103594
0.019143137629393497
0.01923363539225722
0.019351640760906154
0.019437054112293232
0.01951231648124995
0.019596941394827684
0.019665339617301617
0.019745932915384273
0.01982833577243711
0.01993440106392739
0.020044280995611216
0.020109012434475736
0.02020904786069953
0.02031341497019125
0.020401944735733674
0.02051246416947127
0.02061102737944927
0.02074048193402065
0.020862779416854407
0.02096934773975421
0.02107425179233621
0.02120276746685714
0.02133847098061642
0.02145416912574108
0.02163401962723488
0.021736846421866133
0.02187093674031918
0.02198041669423788
0.022105163968323613
0.02223502902647698
0.02233617981360076
0.022480130730875247
0.02260427187257684
0.022763371200388245
0.02288505964752139
0.02304698763725981
0.023139746054407443
0.023327270037548684
0.023503233192712185
0.0236244145882903
0.023677749654081454
0.02380341505939198
0.02391976212652034
0.023919734158097356
0.024071011848309995
0.0242220411346692
0.024367118589525123
0.024475353671087274
0.024571584469208773
0.024735004127794294
0.02487158818936607
0.025140228456037104
0.02510169356446934
0.02523526762170898
0.025383664061860566
0.025539240010210636
0.025782914312513474
0.025947338278036473
0.02599585129833564
0.026118507567126636
0.026224570167385094
0.026166914500589215
0.026340892168798744
0.02651883040290056
0.026719412862063644
0.026804202025383677
0.02696490917376857
0.027172312513985053
0.027313069509144562
0.027360179280952548
0.027487386472736516
0.02756240402351176
0.027586751288810295
0.0276950323627502
0.02801986172874251
0.028180074476715535
0.028319118511482465
0.028524801419059814
0.028803733312548534
0.028789001175818035
0.028863916386138087
0.02898188718206888
0.029163499040387907
0.02937807025448399
0.02956602029445344
0.029779715552681663
0.030097275318556212
0.030327912183165825
0.030625623570354622
0.030877880143478968
0.031164413519869004
0.03146031620798003
0.03175060949310221
0.03205554143650108
0.032168029504480965
0.032335180323143246
0.032464093687484964
0.032623634412867905
0.032940412120660956
0.033288090695584346
0.03368863082814556
0.034018781196201886
0.03440588520780763
0.03496804229956715
0.0355153720542723
0.03618422069653833
