1.0
1.0
1.0
1.0
1.0
1.0
1.0
1.0
1.0
1.0
1.0
1.0
1.0
1.0
1.0
1.0
1.0
1.0
1.0
1.0
1.0
1.0
1.0
1.0
1.0
1.0
1.0
1.0
1.0
0.9979757085020243
0.9979757085020243
0.9959514170040485
0.9959514170040485
0.9959514170040485
0.9959514170040485
0.9959514170040485
0.9959514170040485
0.9959514170040485
0.9959514170040485
0.9959514170040485
0.9959514170040485
0.9959514170040485
0.9959514170040485
0.9959514170040485
0.9959514170040485
0.9959514170040485
0.9959514170040485
0.9959514170040485
0.9959514170040485
0.9959514170040485
0.9959514170040485
0.9959514170040485
0.9959514170040485
0.9959514170040485
0.9959514170040485
0.9959514170040485
0.9959514170040485
0.9959514170040485
0.9959514170040485
0.9959514170040485
0.9959514170040485
0.9959514170040485
0.9959514170040485
0.9959514170040485
0.9959514170040485
0.9959514170040485
0.9959514170040485
0.9959514170040485
0.9959514170040485
0.9959514170040485
0.9959514170040485
0.9959514170040485
0.9959514170040485
0.9959514170040485
0.9959514170040485
0.9959514170040485
0.9959514170040485
0.9959514170040485
0.9959514170040485
0.9959514170040485
0.9959514170040485
0.9959514170040485
0.9959514170040485
0.9959514170040485
0.9959514170040485
0.9959514170040485
0.9959514170040485
0.9959514170040485
0.9959514170040485
0.9959514170040485
0.9959514170040485
0.9959514170040485
0.9959514170040485
0.9959514170040485
0.9959514170040485
0.9959514170040485
0.9959514170040485
0.9959514170040485
0.9959514170040485
0.9959514170040485
0.9959514170040485
0.9959514170040485
0.9959514170040485
0.9959514170040485
0.9959514170040485
0.9959514170040485
0.9959514170040485
0.9959514170040485
0.9959514170040485
0.9959514170040485
0.9959514170040485
0.9959514170040485
0.9959514170040485
0.9959514170040485
0.9959514170040485
0.9959514170040485
0.9959514170040485
0.9959514170040485
0.9959514170040485
0.9959514170040485
0.9959514170040485
0.9959514170040485
0.9959514170040485
0.9959514170040485
0.9959514170040485
0.9959514170040485
0.9959514170040485
0.9959514170040485
0.9959514170040485
0.9959514170040485
0.9959514170040485
0.9959514170040485
0.9959514170040485
0.9959514170040485
0.9959514170040485
0.9959514170040485
0.9959514170040485
0.9959514170040485
0.9959514170040485
0.9959514170040485
0.9959514170040485
0.9959514170040485
0.9959514170040485
0.9959514170040485
0.9959514170040485
0.9959514170040485
0.9959514170040485
0.9959514170040485
0.9959514170040485
0.9959514170040485
0.9959514170040485
0.9959514170040485
0.9959514170040485
0.9959514170040485
0.9959514170040485
0.9959514170040485
0.9959514170040485
0.9959514170040485
0.9959514170040485
0.9959514170040485
0.9959514170040485
0.9959514170040485
0.9959514170040485
0.9959514170040485
0.9959514170040485
0.9959514170040485
0.9959514170040485
0.9959514170040485
0.9959514170040485
0.9959514170040485
0.9959514170040485
0.9959514170040485
0.9959514170040485
0.9959514170040485
0.9959514170040485
0.9959514170040485
0.9959514170040485
0.9959514170040485
0.9959514170040485
0.9959514170040485
0.9959514170040485
0.9959514170040485
0.9959514170040485
0.9959514170040485
0.9959514170040485
0.9959514170040485
0.9959514170040485
0.9959514170040485
0.9959514170040485
0.9959514170040485
0.9959514170040485
0.9959514170040485
0.9959514170040485
0.9959514170040485
0.9959514170040485
0.9959514170040485
0.9959514170040485
0.9959514170040485
0.9959514170040485
0.9959514170040485
0.9959514170040485
0.9959514170040485
0.9959514170040485
0.9959514170040485
0.9959514170040485
0.9959514170040485
0.9959514170040485
0.9959514170040485
0.9959514170040485
0.9959514170040485
0.9959514170040485
0.9959514170040485
0.9959514170040485
0.9959514170040485
0.9959514170040485
0.9959514170040485
0.9959514170040485
0.9959514170040485
0.9959514170040485
0.9959514170040485
0.9959514170040485
0.9959514170040485
0.9959514170040485
0.9959514170040485
0.9959514170040485
0.9959514170040485
0.9959514170040485
0.9959514170040485
0.9959514170040485
0.9959514170040485
0.9959514170040485
0.9959514170040485
0.9959514170040485
0.9959514170040485
0.9959514170040485
0.9959514170040485
0.9959514170040485
0.9959514170040485
0.9959514170040485
0.9959514170040485
0.9959514170040485
0.9959514170040485
0.9959514170040485
0.9959514170040485
0.9959514170040485
0.9959514170040485
0.9959514170040485
0.9959514170040485
0.9959514170040485
0.9959514170040485
0.9959514170040485
0.9959514170040485
0.9959514170040485
0.9959514170040485
0.9959514170040485
0.9959514170040485
0.9959514170040485
0.9959514170040485
0.9959514170040485
0.9959514170040485
0.9959514170040485
0.9959514170040485
0.9959514170040485
0.9959514170040485
0.9959514170040485
0.9959514170040485
0.9959514170040485
0.9878542510121457
0.9878542510121457
0.9878542510121457
0.9878542510121457
0.9878542510121457
0.9878542510121457
0.9878542510121457
0.9878542510121457
0.9878542510121457
0.9878542510121457
0.9878542510121457
0.9878542510121457
0.9878542510121457
0.9858299595141701
0.9858299595141701
0.9858299595141701
0.9858299595141701
0.9858299595141701
0.9858299595141701
0.9858299595141701
0.9858299595141701
0.9858299595141701
0.9858299595141701
0.9858299595141701
0.9858299595141701
0.9858299595141701
0.9858299595141701
0.9858299595141701
0.9858299595141701
0.9858299595141701
0.9858299595141701
0.9858299595141701
0.9858299595141701
0.9858299595141701
0.9858299595141701
0.9858299595141701
0.9858299595141701
0.9858299595141701
0.9858299595141701
0.9858299595141701
0.9858299595141701
0.9858299595141701
0.9858299595141701
0.9858299595141701
0.9858299595141701
0.9858299595141701
0.9858299595141701
0.9858299595141701
0.9858299595141701
0.9858299595141701
0.9858299595141701
0.9858299595141701
0.9858299595141701
0.9858299595141701
0.9858299595141701
0.9858299595141701
0.9858299595141701
0.9858299595141701
0.9858299595141701
0.9858299595141701
0.9858299595141701
0.9858299595141701
0.9858299595141701
0.9858299595141701
0.9858299595141701
0.9858299595141701
0.9858299595141701
0.9858299595141701
0.9858299595141701
0.9858299595141701
0.9838056680161943
0.9838056680161943
0.9838056680161943
0.9838056680161943
0.9838056680161943
0.9838056680161943
0.9838056680161943
0.9838056680161943
0.9838056680161943
0.9838056680161943
0.9838056680161943
0.9838056680161943
0.9838056680161943
0.9838056680161943
0.9838056680161943
0.9838056680161943
0.9838056680161943
0.9838056680161943
0.9838056680161943
0.9838056680161943
0.9838056680161943
0.9838056680161943
0.9838056680161943
0.9838056680161943
0.9838056680161943
0.9838056680161943
0.9838056680161943
0.9838056680161943
0.9838056680161943
0.9838056680161943
0.9838056680161943
0.9838056680161943
0.9838056680161943
0.9838056680161943
0.9838056680161943
0.9838056680161943
0.9838056680161943
0.9838056680161943
0.9838056680161943
0.9838056680161943
0.9838056680161943
0.9838056680161943
0.9838056680161943
0.9838056680161943
0.9838056680161943
0.9838056680161943
0.9838056680161943
0.9838056680161943
0.9838056680161943
0.9838056680161943
0.9838056680161943
0.9838056680161943
0.9838056680161943
0.9838056680161943
0.9838056680161943
0.9838056680161943
0.9838056680161943
0.9838056680161943
0.9838056680161943
0.9838056680161943
0.9838056680161943
0.9838056680161943
0.9838056680161943
0.9838056680161943
0.9838056680161943
0.9838056680161943
0.9838056680161943
0.9838056680161943
0.9838056680161943
0.9838056680161943
0.9817813765182186
0.9817813765182186
0.9817813765182186
0.9817813765182186
0.9817813765182186
0.9817813765182186
0.9817813765182186
0.9817813765182186
0.9817813765182186
0.9817813765182186
0.9817813765182186
0.9817813765182186
0.9817813765182186
0.9817813765182186
0.9817813765182186
0.9817813765182186
0.9817813765182186
0.9817813765182186
0.9817813765182186
0.9817813765182186
0.9817813765182186
0.9817813765182186
0.9817813765182186
0.9817813765182186
0.9817813765182186
0.9817813765182186
0.9817813765182186
0.9817813765182186
0.9817813765182186
0.9817813765182186
0.9817813765182186
0.9817813765182186
0.9817813765182186
0.9817813765182186
0.9817813765182186
0.979757085020243
0.979757085020243
0.979757085020243
0.979757085020243
0.979757085020243
0.979757085020243
0.979757085020243
0.979757085020243
0.979757085020243
0.979757085020243
0.979757085020243
0.979757085020243
0.979757085020243
0.979757085020243
0.979757085020243
0.979757085020243
0.979757085020243
0.979757085020243
0.979757085020243
0.979757085020243
0.979757085020243
0.979757085020243
0.979757085020243
0.979757085020243
0.979757085020243
0.979757085020243
0.979757085020243
0.979757085020243
0.979757085020243
0.979757085020243
0.979757085020243
0.979757085020243
0.979757085020243
0.979757085020243
0.979757085020243
0.979757085020243
0.979757085020243
0.979757085020243
0.979757085020243
0.979757085020243
0.979757085020243
0.979757085020243
0.979757085020243
0.979757085020243
0.979757085020243
0.979757085020243
0.979757085020243
0.979757085020243
0.979757085020243
0.979757085020243
0.979757085020243
0.979757085020243
0.9777327935222672
0.9757085020242915
0.97165991902834
0.97165991902834
0.97165991902834
0.97165991902834
0.97165991902834
0.97165991902834
0.97165991902834
0.97165991902834
0.97165991902834
0.97165991902834
0.97165991902834
0.97165991902834
0.97165991902834
0.97165991902834
0.97165991902834
0.97165991902834
0.97165991902834
0.97165991902834
0.97165991902834
0.97165991902834
0.97165991902834
0.97165991902834
0.97165991902834
0.97165991902834
0.97165991902834
0.97165991902834
0.97165991902834
0.97165991902834
0.97165991902834
0.97165991902834
0.97165991902834
0.97165991902834
0.97165991902834
0.97165991902834
0.9696356275303644
0.9696356275303644
0.9696356275303644
0.9696356275303644
0.9696356275303644
0.9696356275303644
0.9696356275303644
0.9696356275303644
0.9696356275303644
0.9696356275303644
0.9696356275303644
0.9696356275303644
0.9696356275303644
0.9696356275303644
0.9696356275303644
0.9696356275303644
0.9696356275303644
0.9676113360323887
0.9676113360323887
0.9676113360323887
0.9676113360323887
0.9676113360323887
0.9676113360323887
0.9676113360323887
0.9676113360323887
0.9676113360323887
0.9676113360323887
0.9676113360323887
0.9676113360323887
0.9676113360323887
0.9676113360323887
0.9676113360323887
0.9676113360323887
0.9676113360323887
0.9676113360323887
0.9676113360323887
0.9676113360323887
0.9676113360323887
0.9676113360323887
0.9676113360323887
0.9676113360323887
0.9676113360323887
0.9676113360323887
0.9676113360323887
0.9676113360323887
0.9676113360323887
0.9676113360323887
0.9676113360323887
0.9676113360323887
0.9676113360323887
0.9676113360323887
0.9676113360323887
0.9676113360323887
0.9676113360323887
0.9676113360323887
0.9676113360323887
0.9676113360323887
0.9676113360323887
0.9676113360323887
0.9676113360323887
0.9676113360323887
0.9676113360323887
0.9676113360323887
0.9676113360323887
0.9676113360323887
0.9676113360323887
0.9676113360323887
0.9676113360323887
0.9676113360323887
0.9676113360323887
0.9676113360323887
0.9676113360323887
0.9676113360323887
0.9676113360323887
0.9676113360323887
0.9655870445344129
0.9655870445344129
0.9655870445344129
0.9655870445344129
0.9655870445344129
0.9635627530364372
0.9615384615384616
0.9615384615384616
0.9615384615384616
0.9615384615384616
0.9615384615384616
0.9595141700404858
0.9595141700404858
0.9574898785425101
0.9574898785425101
0.9574898785425101
0.9574898785425101
0.9574898785425101
0.9574898785425101
0.9574898785425101
0.9574898785425101
0.9554655870445344
0.9554655870445344
0.9554655870445344
0.9554655870445344
0.9554655870445344
0.9554655870445344
0.9554655870445344
0.9534412955465587
0.9534412955465587
0.9534412955465587
0.9534412955465587
0.9493927125506073
0.9493927125506073
0.9493927125506073
0.9493927125506073
0.9493927125506073
0.9493927125506073
0.9493927125506073
0.9493927125506073
0.9493927125506073
0.9493927125506073
0.9493927125506073
0.9493927125506073
0.9493927125506073
0.9453441295546559
0.9453441295546559
0.9453441295546559
0.9453441295546559
0.9433198380566802
0.9433198380566802
0.9433198380566802
0.9433198380566802
0.9433198380566802
0.9433198380566802
0.9433198380566802
0.9433198380566802
0.9412955465587044
0.9412955465587044
0.9412955465587044
0.9412955465587044
0.9412955465587044
0.9412955465587044
0.9412955465587044
0.9412955465587044
0.9412955465587044
0.9412955465587044
0.9412955465587044
0.9412955465587044
0.9412955465587044
0.9412955465587044
0.9412955465587044
0.9412955465587044
0.9412955465587044
0.9412955465587044
0.9412955465587044
0.9412955465587044
0.9392712550607287
0.9392712550607287
0.9392712550607287
0.9392712550607287
0.937246963562753
0.937246963562753
0.937246963562753
0.937246963562753
0.937246963562753
0.937246963562753
0.9291497975708503
0.9291497975708503
0.9291497975708503
0.9291497975708503
0.9291497975708503
0.9291497975708503
0.9291497975708503
0.9291497975708503
0.9291497975708503
0.9291497975708503
0.9291497975708503
0.9291497975708503
0.9291497975708503
0.9291497975708503
0.9291497975708503
0.9291497975708503
0.9291497975708503
0.9291497975708503
0.9291497975708503
0.9291497975708503
0.9291497975708503
0.9291497975708503
0.9291497975708503
0.9291497975708503
0.9291497975708503
0.9291497975708503
0.9291497975708503
0.9291497975708503
0.9291497975708503
0.9291497975708503
0.9291497975708503
0.9291497975708503
0.9291497975708503
0.9291497975708503
0.9291497975708503
0.9291497975708503
0.9291497975708503
0.9291497975708503
0.9251012145748988
0.9251012145748988
0.9251012145748988
0.9251012145748988
0.9251012145748988
0.9251012145748988
0.9251012145748988
0.9190283400809717
0.9190283400809717
0.9190283400809717
0.9190283400809717
0.9190283400809717
0.9190283400809717
0.9190283400809717
0.9190283400809717
0.9190283400809717
0.917004048582996
0.9149797570850202
0.9149797570850202
0.9149797570850202
0.9149797570850202
0.9149797570850202
0.9149797570850202
0.9149797570850202
0.9149797570850202
0.9149797570850202
0.9149797570850202
0.9149797570850202
0.9149797570850202
0.9089068825910931
0.9089068825910931
0.9089068825910931
0.9089068825910931
0.9068825910931174
0.9068825910931174
0.9068825910931174
0.9068825910931174
0.9068825910931174
0.9048582995951417
0.9048582995951417
0.9048582995951417
0.9048582995951417
0.9048582995951417
0.9048582995951417
0.9048582995951417
0.902834008097166
0.902834008097166
0.9008097165991903
0.9008097165991903
0.9008097165991903
0.9008097165991903
0.8987854251012146
0.8987854251012146
0.8987854251012146
0.8987854251012146
0.8987854251012146
0.8987854251012146
0.8987854251012146
0.8987854251012146
0.8947368421052632
0.8947368421052632
0.8947368421052632
0.8947368421052632
0.8947368421052632
0.8947368421052632
0.8947368421052632
0.8947368421052632
0.8947368421052632
0.8947368421052632
0.8947368421052632
0.8947368421052632
0.8927125506072875
0.8927125506072875
0.8927125506072875
0.8927125506072875
0.8927125506072875
0.8927125506072875
0.8927125506072875
0.8927125506072875
0.8927125506072875
0.8927125506072875
0.8927125506072875
0.8927125506072875
0.8927125506072875
0.8927125506072875
0.8927125506072875
0.8927125506072875
0.8927125506072875
0.8927125506072875
0.8927125506072875
0.8927125506072875
0.8927125506072875
0.8927125506072875
0.8927125506072875
0.8927125506072875
0.8906882591093117
0.8906882591093117
0.8906882591093117
0.8906882591093117
0.8906882591093117
0.8906882591093117
0.8906882591093117
0.8906882591093117
0.8906882591093117
0.8906882591093117
0.8906882591093117
0.888663967611336
0.888663967611336
0.888663967611336
0.8846153846153846
0.8846153846153846
0.8846153846153846
0.8846153846153846
0.8846153846153846
0.8846153846153846
0.8846153846153846
0.8846153846153846
0.8846153846153846
0.8846153846153846
0.8846153846153846
0.8846153846153846
0.8846153846153846
0.8846153846153846
0.8825910931174089
0.8825910931174089
0.8825910931174089
0.8825910931174089
0.8825910931174089
0.8825910931174089
0.8825910931174089
0.8785425101214575
0.8785425101214575
0.8785425101214575
0.8785425101214575
0.8785425101214575
0.8785425101214575
0.8785425101214575
0.8785425101214575
0.8785425101214575
0.8785425101214575
0.8785425101214575
0.8785425101214575
0.8785425101214575
0.8785425101214575
0.8744939271255061
0.8744939271255061
0.8744939271255061
0.8744939271255061
0.8724696356275303
0.8704453441295547
0.8704453441295547
0.8704453441295547
0.8704453441295547
0.8704453441295547
0.8663967611336032
0.8663967611336032
0.8663967611336032
0.8663967611336032
0.8663967611336032
0.8663967611336032
0.8663967611336032
0.8663967611336032
0.8663967611336032
0.8643724696356275
0.8643724696356275
0.8643724696356275
0.8643724696356275
0.8643724696356275
0.8643724696356275
0.8643724696356275
0.8623481781376519
0.8623481781376519
0.8603238866396761
0.8603238866396761
0.8562753036437247
0.8522267206477733
0.8522267206477733
0.8522267206477733
0.8481781376518218
0.8481781376518218
0.8481781376518218
0.8481781376518218
0.8481781376518218
0.8461538461538461
0.8461538461538461
0.8461538461538461
0.8421052631578947
0.8421052631578947
0.8421052631578947
0.8421052631578947
0.8421052631578947
0.840080971659919
0.840080971659919
0.8380566801619433
0.8299595141700404
0.8299595141700404
0.8299595141700404
0.8279352226720648
0.8279352226720648
0.8218623481781376
0.8218623481781376
0.819838056680162
0.819838056680162
0.8137651821862348
0.8036437246963563
0.8036437246963563
0.8016194331983806
0.7995951417004049
0.7995951417004049
0.7935222672064778
0.7935222672064778
0.7935222672064778
0.7935222672064778
0.7935222672064778
0.7935222672064778
0.7935222672064778
0.7935222672064778
0.7894736842105263
0.7874493927125507
0.7874493927125507
0.7874493927125507
0.7874493927125507
0.7834008097165992
0.7813765182186235
0.7793522267206477
0.7793522267206477
0.7732793522267206
0.7732793522267206
0.771255060728745
0.771255060728745
0.7672064777327935
0.7672064777327935
0.7672064777327935
0.7591093117408907
0.7591093117408907
0.757085020242915
0.7550607287449392
0.7550607287449392
0.7550607287449392
0.742914979757085
0.7388663967611336
0.7368421052631579
0.7348178137651822
0.7226720647773279
0.7226720647773279
0.7226720647773279
0.7206477732793523
0.7206477732793523
0.7186234817813765
0.7186234817813765
0.7165991902834008
0.7165991902834008
0.7165991902834008
0.7165991902834008
0.7165991902834008
0.7165991902834008
0.7145748987854251
0.7145748987854251
0.7024291497975709
0.7024291497975709
0.6963562753036437
0.6882591093117408
0.6882591093117408
0.6842105263157895
0.6700404858299596
0.6659919028340081
0.6619433198380567
0.6619433198380567
0.659919028340081
