0.9979010966132876
0.9978969863900111
0.997894036798936
0.9978924375197318
0.9978909438666599
0.9978890512695605
0.9978871371992164
0.9978855364702156
0.99788419614444
0.9978826998577037
0.997881246890494
0.9978789179905538
0.9978769581193458
0.9978753784750894
0.9978738513847941
0.9978723954071305
0.9978707722545246
0.9978689627801839
0.9978673527976964
0.9978657680426847
0.9978642548021842
0.997862526718416
0.9978609718289124
0.9978562098310572
0.9978552884072694
0.9978541891093582
0.9978529113913047
0.9978505758629241
0.9978496215072673
0.9978450720199614
0.9978439998603401
0.9978425026968716
0.9978409468365937
0.9978399933538257
0.9978352796827414
0.9978317261478903
0.9978240569445178
0.9978086129495892
0.9977780276622062
0.9977504861044704
0.9977402060346563
0.9977302592282882
0.997715881558749
0.9977143280170638
0.9977009568487285
0.9976720514222164
0.9975941167876102
0.9975681556380391
0.9975558831969443
0.9975474011885671
0.9975342780276221
0.9975153530059702
0.9974830975223286
0.9974587431581546
0.9974487292709253
0.9974449817683416
0.9974414352822967
0.9974241183862675
0.9974124881493005
0.9973987600580398
0.9973619434931507
0.9973251877251617
0.9972972528466562
0.9972754904669798
0.9972601064834884
0.9972476244710191
0.9972331816166525
0.9972171890787371
0.9972104497796086
0.9972008039881446
0.9971965539791305
0.9971931702373564
0.9971823419139499
0.9971826792033625
0.9971597305207738
0.9971457909117806
0.9971366715552762
0.9971238834588224
0.9970999286771077
0.997077638589426
0.9970667668258483
0.9970501651787588
0.9970439265307594
0.9970391767467052
0.997030025715631
0.9970255008887223
0.9970204390613172
0.9970111171860762
0.9969999085337967
0.9969742813918305
0.9969565002226951
0.9969315587930798
0.9968939982197307
0.9968598016313713
0.9968328762890579
0.9968213974222309
0.9968127696513481
0.9967998751170778
0.9967881553436087
0.9967781437655118
0.9967713357613939
0.996759298901982
0.9967542106200645
0.9967438351268713
0.9967272872404114
0.9967162784489088
0.9967049084808423
0.996695613628579
0.9966761023922605
0.9966643389357072
0.9966565638718621
0.9966492089545124
0.996641386042638
0.9966367942907532
0.9966331579199486
0.996627850391704
0.9966218071958253
0.9966121535548287
0.9965950143258544
0.9965808639573025
0.996570496511247
0.9965585019690685
0.9965523523888273
0.9965424915143466
0.9965297125727385
0.9965226241465587
0.9965084839581869
0.9964985196993851
0.9964821713296963
0.9964545395585469
0.9964456773802042
0.9964371578368044
0.9964279750539071
0.9964109597035394
0.9963999560970256
0.9963875325819597
0.9963781985218338
0.9963662414972266
0.9963567969432637
0.9963437472132219
0.9963315886010826
0.9963205875094416
0.9963096309630963
0.99630405877448
0.9962909354079971
0.9962826402321083
0.9962770425188986
0.9962675810587325
0.9962408600178788
0.9962232576705483
0.9962147149110997
0.9961983062372504
0.9961895320559488
0.9961829099880521
0.9961675079454103
0.9961529740169363
0.9961341725007661
0.9961147874978283
0.9961023219703872
0.9960918261974739
0.996077962453665
0.9960671777204019
0.9960503500096333
0.9960403370542361
0.9960283504738533
0.9960239853889544
0.9960197717031656
0.9960123519828823
0.9960020477316497
0.9959832472017438
0.9959566407245174
0.9959327414314766
0.9959028679924053
0.9958881785132255
0.9958754589809365
0.9958679421175957
0.9958538044714865
0.9958375634517767
0.9958163621057644
0.9958071993455141
0.9957972425811081
0.9957816398446409
0.9957716701902748
0.9957626388769271
0.995753752146858
0.9957439814534477
0.9957375657341869
0.9957259759890196
0.9957183137814599
0.9957133895587927
0.995707517950776
0.9957007287789021
0.995681748365296
0.9956766636497043
0.9956693571812092
0.9956570096922832
0.9956528269878155
0.9956475198825184
0.9956439746075593
0.9956383365395697
0.99561833175997
0.9956134485248883
0.9956094557331405
0.9956030992788011
0.9955977487674591
0.9955888681681251
0.9955729518153597
0.9955651303869694
0.9955559570047873
0.9955360383247441
0.9955255236137763
0.9955174110315421
0.9955089820359282
0.9954953305255447
0.9954881426187113
0.9954766107678729
0.9954682779456193
0.995448279690261
0.9954389120136462
0.9954501982413624
0.9954374965011477
0.9954308033002869
0.9954208338015508
0.9954149945617522
0.9954023204648451
0.9953959137557669
0.9953896195729034
0.9953800368463319
0.9953713782691416
0.995364137957187
0.9953565222345668
0.9953478637276074
0.9953413486271745
0.995336550382422
0.9953307615919333
0.9953241537578887
0.9953154188820232
0.9953078222153988
0.9953024131570858
0.9952966749704238
0.9952906506413961
0.9952837012817917
0.9952767313822081
0.9952715247157113
0.9952674060739795
0.9952636014063907
0.995259422987436
0.9952547767610213
0.995250075279993
0.9952446709195581
0.9952405516677535
0.9952355434306036
0.9952282441109311
0.9952188664118032
0.9952113751872852
0.995204565959283
0.9951931583603657
0.9951869131282112
0.9951799390838927
0.9951708473237211
0.9951629176805745
0.9951520799460681
0.9951423036805245
0.9951357319778372
0.9951301126348182
0.9951215132287801
0.9951129322406556
0.9951072111103328
0.9950997093897184
0.9950905093220084
0.9950811262108578
0.9950721044834779
0.9950590588972305
0.9950536111673073
0.9950470981464601
0.9950317500635001
0.995025786566572
0.9950195551209973
0.9950029634776921
0.9949946261323507
0.9949879053749334
0.9949713604064045
0.9949643695679038
0.9949586069672258
0.994949077612742
0.9949408733976846
0.9949323273985947
0.9949258067863443
0.9949164700134105
0.9949084245270249
0.9949031706656105
0.9948873972774607
0.9948771672515845
0.9948640927614166
0.9948529566553691
0.9948480761936871
0.9948406292533156
0.9948328877711677
0.9948243014394581
0.9948188175460903
0.9948110654824436
0.9948010249104267
0.9947908899162707
0.9947848344264918
0.9947795452119141
0.9947729604925603
0.9947640054822683
0.9947592918077764
0.9947549634778132
0.9947424442795858
0.9947350287473891
0.9947273080157857
0.9947216735209352
0.9947142563747797
0.9947078494821484
0.9946948738812043
0.9946868039332862
0.9946812560502072
0.9946646008815956
0.9946593565016054
0.9946484268125855
0.9946422701873562
0.9946360405423194
0.9946269050313705
0.9946176198652754
0.9946072917355919
0.9945946543452789
0.9945869955057672
0.9945791947499113
0.9945632838210442
0.9945575803537573
0.9945476078746843
0.9945380878830613
0.9945316614560572
0.9945177163142876
0.9945009127583332
0.9944959509147098
0.994490482534378
0.9944807618358252
0.9944720088810349
0.9944649237225657
0.9944597079993642
0.9944536630827632
0.9944485524145384
0.9944398869747516
0.9944162843118185
0.9944064921369951
0.9943960864472566
0.9943863523944277
0.994377232400046
0.9943710060673172
0.9943583815028901
0.9943475994671918
0.9943326326547203
0.9943191078205397
0.9943078430457706
0.9942985991845128
0.9942887237404178
0.994279216440219
0.994264289324291
0.9942571344513093
0.9942488774704489
0.9942367196542031
0.994224920415143
0.9942157478635011
0.9942088149431562
0.9941989705550206
0.9941834825206498
0.9941732734740663
0.994165750083688
0.9941572280357271
0.9941481898960345
0.9941374339259971
0.9941290407959481
0.9941181433582027
0.994101935000423
0.9940851352661689
0.9940634770020559
0.9940285357676023
0.9940109472030633
0.994004914004914
0.9939955458762443
0.9939719597307146
0.9939583023820135
0.9939363817097415
0.9939095923919826
0.9939041147225622
0.9938980931541107
0.993888541014402
0.9938822585497944
0.9938633334171676
0.9938506514781118
0.9938442908320299
0.993835971150324
0.9938223156189078
0.9938082852248937
0.9937976614133198
0.9937886617620854
0.9937747955760228
0.9937664461078609
0.9937510404261586
0.9937434293187005
0.9937334668823998
0.9937200803006125
0.9937056623242616
0.9936935423424355
0.9936869340232859
0.9936768726434041
0.9936579723705927
0.9936517847850973
0.9936418594955181
0.9936323185928468
0.9936206648626743
0.9936104746317512
0.9936016782483283
0.9935896593849751
0.9935756506628401
0.9935616655232467
0.9935515414194537
0.9935404450209803
0.9935298251196585
0.9935187398730311
0.9935042461997178
0.9934885582760691
0.9934680765627092
0.9934479934479934
0.9934255729047382
0.9934064746257364
0.9933533097248706
0.9933218381366834
0.9933048882547435
0.9932926494034856
0.9932718423846355
0.9932336873630793
0.9932044783601627
0.9931904442956017
0.9931801665828163
0.9931624889661067
0.9931489540923768
0.9931365240995204
0.9931265669455478
0.9931172604439931
0.9931049099258212
0.993086349791032
0.9930759517019254
0.9930687725477942
0.9930575314402778
0.9930485320721927
0.9930380198302304
0.993027674986784
0.9930199959950796
0.9930065921467469
0.99298336424679
0.9929733621310295
0.9929550015158296
0.9929449183171896
0.9929350107856905
0.9929204566885727
0.9929079044892384
0.9928959282605214
0.992886919511413
0.9928670613169627
0.9928543188906623
0.9928357507780844
0.9928252175958598
0.9928148649842458
0.9928003422788096
0.9927915926583777
0.992773194040482
0.9927483359888024
0.9927299326735038
0.9927183014354067
0.9927020425289595
0.9926842824738241
0.9926691955684007
0.992661492465195
0.9926489495258118
0.9926237345758647
0.9926063408994097
0.9925948499161968
0.992582643997436
0.9925503540881082
0.9925355941574897
0.9925185880759225
0.9925082085986033
0.992497105364724
0.9924799232518916
0.9924678021790679
0.9924521269160882
0.992436621691022
0.9924266035030854
0.9924164404082014
0.9923897214262226
0.9923746763944458
0.992361012873108
0.9923468182605546
0.9923289400994396
0.9923151120317516
0.9922712381921694
0.9922602837895944
0.9922248708144688
0.9922091662525448
0.9921913912498594
0.9921702566415879
0.9921487536550299
0.9921206225680934
0.9921065453954848
0.9920920318271311
0.9920752686418707
0.992052460303184
0.9920343538975939
0.99201904918302
0.9920047379330766
0.9919870737980611
0.99200277589597
0.9919839679358717
0.9919634703196347
0.9919425993440877
0.9919274134365201
0.9919020211484406
0.9918591156039225
0.9918381112984823
0.9918190730536494
0.9917864476386037
0.9917605801641074
0.9917408962151463
0.9917394947922902
0.991720378496983
0.9916936094104698
0.9916758582655453
0.9916604796519157
0.9916456221676411
0.9916333212077119
0.9916045262554102
0.9915906400167143
0.9915747976555959
0.9915587479683322
0.9915454497715696
0.9915269103922532
0.9915075429897668
0.991493783241168
0.9914771223377036
0.9914584328081065
0.9914335881382687
0.9914201971755928
0.9914037054834748
0.9913888393653058
0.9913725350100029
0.9913936552810034
0.9913808551051858
0.9913658475291246
0.9913506320691949
0.9913284897870883
0.9913106313792792
0.9912991570493108
0.991283863368669
0.9912670890902159
0.9912526369389685
0.9912328667249927
0.9912075457902241
0.991177387699701
0.9911527213199184
0.9911359280554327
0.9911236597833508
0.9911095503022014
0.9910950661853188
0.9910913140311804
0.9910735871162107
0.9910592880958147
0.991046613568111
0.9910327305335526
0.9910229019078676
0.9910082408815303
0.9909891267542045
0.9909660141073516
0.9909420975000945
0.9909261399155127
0.990906502135738
0.9908822689635481
0.9908462008867146
0.990830429955205
0.9908153090964872
0.990796956655395
0.99078349880705
0.9907482520183876
0.9907269383409157
0.9907093120235856
0.990692161206327
0.9906618578808851
0.9906308068459657
0.9905929024529154
0.9905662235352043
0.990543875234429
0.9905234835595299
0.9905016855046599
0.9904729702852142
0.9904532227847093
0.9904330111048973
0.9904038785159067
0.9903759217214844
0.9903569343506533
0.9903444939426314
0.9903232323232323
0.9903087443855461
0.9903070122074867
0.9902888952094592
0.9902283459737924
0.9902310149913984
0.9902043330937468
0.9901878098451031
0.9901706231454006
0.9901246325203925
0.9901090697963754
0.9900899590717387
0.990074493320571
0.9900566997415159
0.9900338473110192
0.9900385066130922
0.9900178253119429
0.9900012603453346
0.9899844295753903
0.9899537789409257
0.9899060584854846
0.9899316028718297
0.9899086670498819
0.989886273924083
0.9898400994555665
0.9898174006444683
0.9897946001808552
0.9897229088070769
0.9897037101398906
0.9896797230507958
0.989657880956537
0.9896416083916084
0.9896093647244508
0.9895821886195301
0.9895569411090793
0.9895364238410596
0.9895162895627364
0.9894942151691121
0.9894753202922042
0.9894886869766614
0.9894638153488995
0.9894409521039798
0.9894217839533841
0.9893977852153013
0.9893786988906141
0.9893277861939539
0.9893257790368272
0.9893063911908275
0.989287176454533
0.9892634890241401
0.9892318244170096
0.9892125876047821
0.9891922900413034
0.9891699241204874
0.9891459648799373
0.9891193864350397
0.9890967174406222
0.9890752209310417
0.989045747377724
0.9890217467309979
0.9889886379576378
0.988961023742002
0.9889389883049176
0.9889066842526733
0.988878656938443
0.9888541814567656
0.9888083640251871
0.9887846461567769
0.9887592181570846
0.9887578635156792
0.9887268540727238
0.9887008366189056
0.9886725151836498
0.988634989723129
0.9886088221037325
0.9885775390672467
0.9885455254435562
0.9885166996506145
0.9884863183165528
0.9884509534106546
0.9884245006526612
0.9883987855750006
0.9883174666302106
0.98827081929575
0.9882458860601211
0.9882220273148729
0.9881909547738693
0.9881606126253212
0.9881334107607241
0.988101278668561
0.9880782918149467
0.9880476056984123
0.9880173735309147
0.988016899244655
0.9879845956354301
0.9879595564588747
0.9879328571796921
0.9879063517494444
0.987862440997977
0.9878010634970285
0.9877666248431619
0.9877371344722775
0.9876412802366114
0.9876144603821522
0.9875769802505839
0.9875412629112981
0.9875086745315753
0.9874708858726207
0.9874480354029771
0.9874207074508118
0.987393260242976
0.9873673981698923
0.9873338926628596
0.9872908972409298
0.9872583719030765
0.9872246335271476
0.9871837002957607
0.987153092316561
0.9871209202487754
0.9870896551724138
0.9870392422941648
0.9869992777376521
0.9869123856931122
0.9868543018454538
0.9867714398778902
0.9866525967544135
0.9866174830573904
0.9865436038989045
0.9865359665561482
0.9864993784510422
0.9864594508393981
0.9864149406562718
0.986377690916516
0.9862687444869156
0.9862189040044855
0.9861247288825504
0.9860396986727251
0.9859919611254424
0.985987069613592
0.9859027105517909
0.9858693674570926
0.9858362967690951
0.9857670810299013
0.9857291602866418
0.9856137317856261
0.9855816831683168
0.9854329477961863
0.9854540894698893
0.9853313100657562
0.9852819894690097
0.9853507850068469
0.9852941176470589
0.9852790250160359
0.9852449530667352
0.9852200851942687
0.9851808710282793
0.9851385553897073
0.9850955123824401
0.985058071251468
0.9850189716080073
0.9849840988820039
0.9849505471034732
0.9848944591029024
0.9848429691895291
0.9848002123987787
0.9847149913229208
0.9846468438872314
0.9845598894245357
0.9844090413943355
0.9843659327530295
0.9843123822572358
0.9842617092196144
0.9841949064807786
0.984154990486075
0.9840933560240336
0.9840050289865195
0.9839286967506492
0.9839010814809596
0.9839205569495
0.9838532240320806
0.9837882134967576
0.983737222103081
0.9836642372455391
0.9836071480040351
0.9835478738790859
0.9834322543057933
0.9833125504291058
0.9832885486067655
0.983115772248875
0.9831052101592511
0.9830514815923376
0.9830374901489849
0.9830604178430266
0.9831199728106944
0.9830694644345125
0.9829928090400639
0.9829108842757197
0.9828380557475236
0.9827612803702276
0.9827338687774028
0.9826598604995519
0.9825824885514111
0.9824803149606299
0.982390185991294
0.9823321554770318
0.9822818149167963
0.9821786947098017
0.9821227250765019
0.9820656783939896
0.9819827131436919
0.9819603371747363
0.9818954595610773
0.9818427739978687
0.9817860373324562
0.9817296985194045
0.981675284384695
0.9816136797542957
0.981567204637391
0.9814869109947644
0.9814270106731658
0.9813447009665301
0.981274360277919
0.9811890879686769
0.9810657984921178
0.9809581251077029
0.9809647415098421
0.9809552730901046
0.9808889469330896
0.9808507847680672
0.9808215570964628
0.9807548333113137
0.9808261541859952
0.9807393600497049
0.9806405566955125
0.980565133670682
0.9804522115124763
0.9803717606621138
0.9803333787527819
0.9802400401588098
0.9801785305561913
0.9800589481440545
0.9799703950411693
0.9798529685464359
0.9797776947506072
0.9795686719636776
0.9794784095767421
0.9794164000191031
0.9793166330741914
0.9792821006986269
0.979188849094957
0.9791049127751591
0.9790080062487795
0.978976771537783
0.9788701177165936
0.9787959667852906
0.9786800516847232
0.9785682170155368
0.9784779009682436
0.9784523989326889
0.9784027110414243
0.9782896074842383
0.978197600204238
0.9781036869904107
0.978057721100728
0.9778867216021696
0.9778138244989797
0.9776900815574848
0.9775851131317403
0.9775460253272321
0.9774077841426201
0.9773057273460608
0.9772052071517312
0.9770963364993216
0.9770572207084469
0.9769403516459441
0.9767698504662583
0.9766836508639787
0.9766976252711195
0.9765777852311477
0.9764686060878356
0.9764334442126628
0.9763427471843341
0.9762310929148186
0.9761374664611521
0.9760211106011932
0.9759272057129693
0.9757919731279319
0.9756962614105471
0.9755926661216863
0.9754637238788448
0.9753610374300029
0.9752399004857244
0.9751057113930082
0.9749535622266163
0.9748268593797049
0.9747187613402686
0.974608188555461
0.9744841899645953
0.9743495336278841
0.9742213999383287
0.974085554866708
0.9739726027397261
0.9739086803813347
0.9737688378838515
0.9736040609137055
0.9734710796505325
0.9733264939728136
0.9731941491075455
0.9730132987349984
0.9728813559322034
0.9727815307929428
0.9726595954937743
0.9725347452018531
0.9724036795093988
0.9722464302473688
0.9720421393841167
0.9718826405867971
0.9717560376586165
0.9716151202749141
0.9713651806142967
0.9712014503870023
0.9710175438596491
0.9709101179128715
0.9707157580496126
0.970487106017192
0.9703234171288626
0.9701211110305316
0.9701219957630214
0.9699242591367012
0.969723887778518
0.9695457930007446
0.9695108247808825
0.9693977538252808
0.9691887379524929
0.9690721649484536
0.9689011748445059
0.9687234535485366
0.9685235683677444
0.968314022227477
0.9681003015394382
0.9677677998717127
0.9675832594145634
0.9673542309566348
0.967391304347826
0.9672616599490006
0.9670420669095727
0.9667448483833138
0.965981148243359
0.9657019438444925
0.9656073138876796
0.9654658602857393
0.9654958860479519
0.9653204956762058
0.9651392632524708
0.9648805213613324
0.964572680788897
0.9645911891842178
0.9643617513653615
0.9641121495327103
0.9639189825718323
0.9641400246655915
0.9637826961770624
0.9636995558988222
0.9638154686433239
0.963444674352153
0.9628517072193852
0.962877030162413
0.9627170582226762
0.9623556105610561
0.962050322312331
0.9616998950682056
0.9614243323442137
0.961328917850657
0.9611410118406889
0.9608544784211668
0.9605076031068811
0.9601808956540923
0.9595064498037016
0.9591883006461852
0.9588194921070693
0.9586023985239852
0.9580992509363296
0.9577231931979215
0.957258834765998
0.956726701317539
0.9567078390607803
0.9563124768604221
0.9561688311688312
0.9560065548972646
0.9553022540983607
0.9547986012174589
0.9542174996720452
0.9536582127207542
0.9532242801135595
0.9523940561364888
0.9518813820114701
0.9507325481183568
