0.9991831837964086
0.9972262283086374
0.995826579709775
0.9950693230210288
0.994363117345007
0.9934697246223289
0.99256782339753
0.9918148209598441
0.9911851918029091
0.9904832403779477
0.9898025602082882
0.9887134719368329
0.9877988079588529
0.9870628225254086
0.9863523625983264
0.9856759366797272
0.9849229342420414
0.9840848467831481
0.9833403528475829
0.9826086216651989
0.9819109244912979
0.9811153795430083
0.9804006653648658
0.978218234570895
0.9777970637159181
0.9772950620907942
0.9767122296955233
0.9756486669304303
0.9752147333222723
0.9731514215579918
0.9726664369371094
0.9719900110185102
0.9712880595935488
0.9708583802364513
0.968739763208386
0.9671486733118069
0.9637325097103281
0.9569257080137327
0.9437247669733981
0.9321446955870654
0.9278946987777537
0.9238191262619172
0.9179908023092075
0.9173654274033328
0.9120178338204451
0.9006674919913724
0.8714237702023747
0.8620984518780391
0.8577591157964596
0.8547853943052596
0.8502248371685407
0.8437328500504129
0.8328930183485849
0.824890772104025
0.8216447785449611
0.8204365712438154
0.8192964319596356
0.8137744140832727
0.810107249669232
0.8041895864442544
0.7929370923895703
0.7820121756665348
0.773907827396526
0.7677093836015638
0.7633870645242258
0.7599155956589623
0.7559378709175143
0.7515815178316934
0.7497606983778541
0.7471698594820875
0.7460339744489681
0.7451320732241693
0.7422604537584181
0.7408437881553142
0.7348410399091292
0.7312419435120544
0.7289063596799101
0.7256561118697858
0.7196448551214801
0.7141398542493587
0.7114852015876865
0.7074691885866953
0.7059716922134442
0.7048358071803249
0.7026576306374145
0.7015855593702006
0.7003901148222361
0.6981991755261445
0.6955828111240157
0.6896736564011589
0.6856321178938054
0.6800420320004765
0.671793039194415
0.6644544561152732
0.6587877937028576
0.6564011588579889
0.6546186276636929
0.6519724835041415
0.6495858486592728
0.6475608251545357
0.6461909563130959
0.6437830502129253
0.6427705384605568
0.640715735198397
0.6374654873882727
0.6353213448538452
0.6331218970556328
0.6313351116102766
0.6276168961835114
0.6253961771299972
0.6239369690162895
0.6225628459237893
0.6211078920611421
0.6202570418490677
0.6195848701815289
0.6186063924376433
0.6174960329108862
0.6157305187208318
0.6126206611956998
0.6100766190615973
0.6082260198503354
0.6060988943201494
0.6050140602997546
0.6032825801181831
0.6010533525625481
0.5998238740061006
0.5973861881485074
0.5956802334732982
0.5929022075308752
0.5882650738750697
0.5867931030081809
0.5853849459071978
0.5838746867807657
0.5810966608383427
0.5793141296440468
0.577314631645672
0.5758213895234814
0.573919739299495
0.5724264971773044
0.5703759481662051
0.5684785521932791
0.56677259751807
0.5650836598471022
0.5642285553839674
0.5622248031345322
0.5609655448206621
0.560118948859648
0.5586937747544234
0.5547075415108548
0.5521124483640277
0.5508616985522784
0.5484750637074096
0.5472072968914188
0.5462543446538954
0.5440506426046227
0.5419873308403422
0.5393411866807908
0.5366397372574545
0.5349167655780038
0.5334745744685376
0.5315814327466721
0.5301179703819041
0.5278504545667257
0.5265103654827086
0.5249150213350691
0.5243364431908585
0.5237791363019497
0.5228006585580641
0.5214478067208658
0.5189973581100915
0.5155684317554317
0.5125266422472656
0.5087743928120174
0.5069493191071178
0.5053795004658405
0.5044563279857398
0.5027291020552287
0.5007593838142764
0.4982110874291135
0.49711774490659794
0.49593506311181446
0.49409297240267336
0.49292305336107106
0.49186799909809875
0.4908342160904284
0.4897025853083694
0.48896234562386465
0.4876307650419682
0.48675438932353154
0.4861928281835624
0.485524910767084
0.48475489132515664
0.4826150030417895
0.48204493339969967
0.4812281171961082
0.479853994103608
0.4793902807380275
0.47880319409169614
0.4784118029941419
0.4777906823393276
0.47559974304323593
0.47506796166068943
0.47463402805253146
0.4739448393807512
0.47336626123654063
0.4724090547479569
0.4707031000727477
0.46986926686491476
0.46889504337208954
0.4667934433482658
0.4656915923236294
0.46484499636261534
0.4639686206441787
0.46255620929213515
0.46181596960763044
0.460633287812847
0.4597824376007726
0.4577531598449751
0.45680871610957247
0.45608549342930926
0.4538817913800365
0.4532138739635581
0.4522226334664914
0.4516440553222808
0.4503933055105314
0.4497636763535963
0.4491468099498424
0.4482108747165605
0.44736853300660684
0.44666658158164546
0.4459305961482011
0.44509676294036815
0.4444713880344935
0.44401192891997326
0.44345887628212494
0.44282924712518984
0.4419996681684173
0.4412806997392144
0.4407701896119698
0.44022989972730253
0.439664084336273
0.4390131839240361
0.4383622835117992
0.43787729889091676
0.43749441629548325
0.43714131345747237
0.43675417661097854
0.43632449725388095
0.435890563645723
0.43539281627165943
0.43501418792728636
0.43455472881276613
0.43388681139628776
0.43303170693315296
0.4323510267634934
0.4317341603597395
0.43070463160312944
0.4301430704631603
0.42951769555728564
0.42870513360475454
0.4279989279287328
0.4270374671890887
0.4261738542238332
0.42559527607962255
0.4251017829566194
0.42434878051893354
0.4236000323323081
0.42310228495824453
0.4224513845460076
0.421655839597718
0.42084753189624735
0.4200732582032596
0.4189586444254421
0.4184949310598616
0.4179418784220132
0.4166443318485997
0.4161423302234758
0.41561905734305005
0.41423217149736874
0.4135387285745281
0.41298142168561935
0.4116158070952399
0.41104148320208966
0.41056926133438837
0.4097907333903403
0.4091228159738619
0.4084293730510212
0.4079018459195351
0.40714884348184927
0.40650219732067266
0.4060810264656958
0.4048217681518257
0.40400920619929465
0.4029754231916242
0.4020990474731876
0.4017161648777541
0.4011333324824831
0.4005292288319103
0.39986131141543185
0.39943588630939464
0.3988360369098822
0.39806176321689446
0.39728323527284637
0.3968195219072658
0.3964153680565305
0.39591336643140657
0.39523268626174707
0.3948753291726758
0.39454775184102714
0.39360330810562455
0.3930460012167158
0.3924674230725052
0.39204625221752837
0.39149319957968
0.3910167234609183
0.3900552627212742
0.38945966757282213
0.3890512594710264
0.3878302894166996
0.38744740682126616
0.38665186187297657
0.3862051655116375
0.38575421489923806
0.3850948059848804
0.38442688856840196
0.38368664888389725
0.38278474765909837
0.38224020352337074
0.38168715088552235
0.38056402860558414
0.3793856010618611
0.37868790388796003
0.378024240722542
0.37757754436120294
0.3766118293704985
0.37545467308207725
0.3751143329972475
0.37473995890393474
0.3740762957385167
0.3734807005900646
0.37299997022024256
0.3726468673822317
0.372238459280436
0.37189386494454585
0.3713110325492749
0.3697327054058768
0.3690818049936399
0.3683926163218596
0.36775022441174343
0.36715037501223097
0.36674196691043526
0.3659166422047231
0.36521469077976165
0.36424472153799686
0.36337260007062056
0.3626493773903573
0.3620580364929656
0.36142840733603054
0.3608243036854577
0.3598798599500551
0.35942890933765564
0.35890989070829027
0.3581483797684837
0.3574123943350393
0.3568423246929494
0.3564126453358519
0.35580428743421866
0.3548513351966953
0.3542259602908206
0.35376650117630043
0.353247482546935
0.35269868416014705
0.3520477837479101
0.3515415278717258
0.3508863732084285
0.3499164039666637
0.34891665496747626
0.34763612539830424
0.34558983063826526
0.344568810383776
0.34421996179682546
0.3436796719121582
0.3423268200749599
0.3415482921309118
0.3403060508212832
0.33880004594591145
0.33849373986956466
0.3381576540357953
0.3376258726532488
0.3372770240662982
0.3362304783054467
0.3355327811315457
0.33518393254459516
0.3347287276811354
0.33398423374557024
0.33322272280576365
0.33264839891261344
0.332163414291731
0.3314189203561659
0.33097222399482684
0.33015115354017505
0.32974699968943966
0.32921947255795353
0.3285132668819318
0.32775601019318557
0.3271221267851901
0.32677753244929997
0.3262542595688742
0.3252757818249886
0.3249567129954607
0.32444620286821607
0.3239569639962733
0.3233613688478212
0.3228423502184558
0.3223956538571167
0.3217872959554835
0.32108109027946174
0.32037913885450037
0.31987288297831606
0.31931983034046774
0.31879230320898155
0.3182435048221936
0.3175287906440511
0.3167587712021237
0.3157590222029363
0.31478479871011106
0.31370421894077655
0.3127895549627966
0.3102710383350563
0.30879906746816754
0.30801203102199876
0.30744621563096924
0.3064890091423855
0.30474902045869334
0.303430202629978
0.30280057347304296
0.30234111435852273
0.30155407791235395
0.3009542285128415
0.3004054301260535
0.29996724226683513
0.2995588341650394
0.29901854428037217
0.29821023657890144
0.29775928596650203
0.29744872563909486
0.29696374101821243
0.2965766041717186
0.29612565355931914
0.2956832114490405
0.2953556341173918
0.29478556447530196
0.293802832480356
0.29338166162537915
0.2926116421834518
0.292190471328475
0.2917778089756189
0.29117370532504605
0.2906546866956807
0.2901611935726775
0.2897910737304251
0.2889785117778941
0.28845949314852865
0.2877064907108428
0.2872810656048056
0.28686414900088913
0.2862813166056182
0.2853453813723363
0.2846136501899523
0.28363091819500635
0.2829076955147431
0.2824524906512833
0.28181860724328783
0.2811294185715076
0.2805465861762366
0.2796744647088603
0.27919373433903827
0.2782322735993942
0.2775728646850365
0.2771389310768786
0.27667947196235837
0.2754712646612127
0.27492246627442474
0.27429283711748964
0.2739099545220562
0.2735015464202604
0.2728719172633254
0.27242947515304666
0.27185940551095683
0.2712978443709877
0.27093623303085607
0.27057036743966406
0.26961316095108034
0.26907712531747346
0.26859214069659104
0.26809013907146717
0.2674605099145321
0.2669755252936497
0.2654482491629761
0.26506962081860297
0.2638529050153366
0.2633168693817297
0.26271276573115687
0.26199805155301437
0.2612748288727511
0.2603346393884089
0.2598666717717679
0.2593859414019459
0.25883288876409755
0.25808414057747203
0.2574927996800803
0.25699505230601677
0.2565313389404362
0.2559612692983464
0.2554124709115584
0.25480836726098555
0.25415321259768825
0.2534895494322702
0.25300881906244815
0.2522090198630982
0.250868930779081
0.2502180303668441
0.24963094372051273
0.24863119472132528
0.24784415827515646
0.24724856312670435
0.246695510488856
0.24612118659570575
0.2453213873963558
0.24479386026486968
0.24433865540140987
0.24390046754219152
0.2435388562020599
0.24269651449210625
0.24229236064137089
0.24183290152685072
0.24136918816127015
0.24098630556583667
0.24045452418329016
0.23990147154544178
0.23951008044788755
0.23903785858018625
0.23851033144870012
0.2378126342747991
0.23743826018148634
0.23697880106696617
0.23656613871411009
0.23611518810171064
0.23571954275309603
0.23536643991508516
0.23495377756222904
0.23453686095831258
0.23393275730773977
0.23344777268685735
0.23313721235945017
0.2327245500065941
0.23227359939419465
0.2318864625477008
0.23135893541621466
0.23068676374867586
0.2298912188003863
0.22924457263920972
0.2288063847799914
0.2284873159504635
0.2281214503592715
0.22774707626595875
0.2271770066238689
0.2267218017604091
0.2263559361692171
0.22603261308862882
0.22567951025061794
0.22496054182141506
0.22459042197916268
0.22410969160934063
0.22353111346513002
0.22293551831667793
0.22253987296806332
0.22205488834718093
0.22145929319872884
0.2205786632292318
0.22019578063379833
0.21982991504260632
0.21938747293232763
0.21906414985173936
0.21822180814178568
0.2177155522656014
0.21729863566168495
0.21689448181094959
0.21618402188386746
0.2154607992036042
0.21458442348516754
0.21397181133247398
0.21346130120522933
0.21299758783964876
0.2125040947166456
0.21185744855546906
0.21141500644519035
0.2109640558327909
0.21031740967161436
0.20970054326786042
0.20928362666394396
0.20901135459608014
0.20854764123049957
0.20823282665203205
0.20776060478433075
0.20736921368677652
0.20607166711336303
0.2056972930200503
0.2051314776290208
0.20478262904207029
0.20442101770193866
0.20345955696229456
0.2031362338817063
0.20274058853309168
0.20242151970356378
0.20205565411237178
0.20158768649573086
0.2012601091640822
0.20083893830910537
0.20050285247533597
0.20016251239050623
0.19954564598675226
0.19859269374922892
0.19826511641758027
0.19780991155412045
0.19736746944384176
0.1964613139679825
0.1960188718577038
0.19557642974742512
0.19419805240386456
0.19383218681267256
0.19337698194921274
0.19296431959635665
0.19265801352000986
0.19205390986943705
0.19154765399325277
0.19107968637661182
0.19070105803223872
0.19033093818998634
0.189926784339251
0.18958219000336085
0.18902488311445212
0.18857393250205268
0.1881612701491966
0.18781667581330644
0.18738699645620888
0.1870466563713791
0.18614475514658022
0.18571507578948265
0.18537473570465288
0.18503864987088348
0.1846259875180274
0.18407718913123938
0.18374535754853036
0.18339650896157986
0.18301362636614638
0.18260521826435067
0.18215426765195122
0.18177138505651771
0.18140977371638609
0.18091628059338294
0.18051638099370795
0.17996758260691997
0.17951237774346016
0.17915076640332853
0.1786232392718424
0.17816803440838258
0.17777238905976797
0.1770364036263236
0.17665777528195048
0.17625362143121515
0.17585797608260054
0.17536873721065774
0.17496032910886203
0.17451788699858334
0.17393505460331235
0.17353090075257702
0.17305017038275497
0.17256093151081217
0.17212274365159386
0.17166328453707366
0.17113150315452716
0.17073585780591255
0.17035297521047907
0.16915327641145414
0.16847259624179461
0.16811098490166299
0.16776639056577286
0.1673196942044338
0.16688576059627583
0.16649862374978197
0.16569031604831128
0.165366992967723
0.1649373136106254
0.16451614275564858
0.16415878566657732
0.16371208930523826
0.16336749496934813
0.16300162937815613
0.1626400180380245
0.1620444228895724
0.1612190981838602
0.16075963906934004
0.1603682479717858
0.15910898965791567
0.15876014107096517
0.15827515645008275
0.15781569733556255
0.1573987807316461
0.15691805036182405
0.15662876128971875
0.1562841669538286
0.15593957261793848
0.1556162495373502
0.15519933293343374
0.1546675515508872
0.15426765195121225
0.15385498959835617
0.15335724222429262
0.15298712238204026
0.1525999855355464
0.15222561144223365
0.15162576204272118
0.1511535401750199
0.15013677417159096
0.14946460250405216
0.1485159045175892
0.147175815433572
0.14678442433601777
0.14596760813242632
0.14557196278381174
0.14517206318413675
0.14473812957597879
0.14425739920615674
0.14385749960648178
0.14270034331806059
0.1421770704376348
0.14119859269374924
0.14032647122637296
0.13984148660549053
0.13949263801854003
0.13864604205752598
0.13831421047481696
0.1379866331431683
0.13730595297350878
0.1369358331312564
0.1358212193534389
0.13551491327709214
0.13411101042716936
0.13373238208279623
0.13259649704967688
0.13214554643727744
0.13163078205897244
0.1311160176806674
0.13069484682569057
0.13038854074934378
0.1298822848731595
0.129533436286209
0.12915906219289625
0.12878043384852314
0.1284528565168745
0.12811251643204472
0.1278104646067583
0.127521175534653
0.12704044516483096
0.12660225730561264
0.126240645965481
0.1255259317873385
0.12496011639630901
0.1242454022181665
0.12302443216383972
0.12267983782794958
0.12225441272191237
0.1218545131222374
0.12133124024181163
0.12102067991440447
0.12054420379564279
0.11986777787704364
0.11928919973283303
0.11882123211619211
0.11844685802287937
0.11794485639775545
0.11746412602793341
0.11708975193462066
0.11655797055207416
0.11614530819921808
0.11571988309318086
0.11489881263852905
0.11406072517963575
0.11364380857571929
0.11246112678093585
0.11214205795140794
0.11178044661127631
0.11144010652644655
0.11109976644161679
0.11075517210572665
0.11041908627195725
0.10991283039577297
0.1093767947621661
0.1089045728944648
0.10841107977146164
0.10775167085710396
0.10728370324046303
0.10679871861958061
0.10616483521158518
0.10561178257373681
0.10525867973572592
0.10471838985105868
0.10410152344730472
0.1037696918645957
0.1034336060308263
0.10294862140994389
0.10258701006981226
0.10221263597649952
0.1019105841512131
0.10158726107062482
0.10126819224109691
0.10096188616475013
0.10061729182885999
0.10013230720797757
0.09968986509769888
0.09936228776605023
0.09891559140471116
0.09853696306033805
0.09808175819687823
0.0974308577846413
0.09686929664467218
0.09646514279393684
0.0961971249771334
0.09585678489230363
0.09544412253944755
0.09507825694825554
0.09474217111448616
0.09444862779132047
0.09401469418316252
0.09352545531121974
0.09315533546896737
0.09260653708217936
0.0922194002356855
0.09182375488707091
0.0913813127767922
0.09109202370468691
0.09053471681577817
0.09012630871398244
0.08959027308037557
0.0892499329955458
0.08811404796242646
0.08771840261381185
0.08724618074611055
0.08681650138901296
0.08646765280206246
0.08607200745344785
0.08571890461543698
0.08531475076470163
0.08498717343305298
0.08454898557383465
0.08424693374854823
0.08377896613190731
0.08333226977056823
0.08297491268149698
0.08268136935833131
0.08229423251183746
0.08185604465261913
0.08150294181460825
0.081145584725537
0.08059253208768863
0.07976720738197644
0.079499189565173
0.07904823895277356
0.07866961060840044
0.07815910048115579
0.077669861609213
0.07731250452014175
0.07696365593319124
0.0765892818398785
0.07627446726141096
0.07587882191279637
0.0753087522707065
0.07502371744966158
0.07471315712225442
0.07432176602470018
0.07396866318668929
0.073679374114584
0.0733900850424787
0.07303698220446782
0.07274343888130214
0.07238182754117052
0.07209253846906521
0.07167987611620912
0.07139058704410382
0.07108002671669666
0.07069714412126317
0.07039509229597675
0.07004198945796587
0.06965485261147202
0.06922091900331406
0.06886356191424281
0.06856151008895639
0.0682552040126096
0.06791486392777983
0.06754899833658784
0.0672044040006977
0.06684279266056607
0.06654499508634003
0.0660600104654576
0.06569839912532598
0.06527722827034915
0.06494114243657975
0.06457953109644812
0.06425195376479947
0.06380951165452078
0.06349044282499287
0.06309905172743864
0.06280976265533335
0.06251621933216767
0.062061014468707855
0.06169940312857623
0.061235689762995676
0.06087833267392442
0.06059755210393986
0.06014234724048005
0.059602057355812796
0.05925320876886229
0.058866071922368424
0.058500206331176426
0.058100306731501454
0.0576365933659209
0.05730901603427225
0.05690911643459727
0.05649645408174118
0.05611357148630769
0.05573068889087421
0.055394603057104815
0.05505851722333542
0.05471392288744528
0.054331040292011794
0.053986445956121655
0.053680139879774866
0.05336532530130733
0.052884594931485285
0.05226347427667096
0.05190186293653934
0.05134881029869097
0.05104675847340455
0.05067663863115218
0.05035756980162427
0.050025738218915254
0.049681143883025115
0.04909831148775414
0.04795817220357442
0.047554018352839074
0.04717964425952633
0.04686057542999843
0.046426641821840475
0.046065030481708846
0.04569916489051685
0.04535031630356634
0.04494190820177062
0.044618585121182344
0.04432078754695629
0.04388685393879834
0.04352949684972709
0.04323595352656141
0.04279351141628272
0.04246593408463407
0.04204050897859686
0.04159806686831817
0.04090887819653789
0.04060682637125147
0.04009631624400682
0.03969641664433185
0.039364585061622825
0.03899021096831008
0.03859456561969548
0.03828400529228832
0.03798620771806227
0.03769691864595697
0.03735232431006683
0.03703325548053893
0.036390863570422746
0.035995218221808144
0.03565913238803875
0.035365589064873075
0.03482529918020582
0.03450197609961754
0.034110585002063314
0.033672397142844986
0.03328100604529076
0.032966191466823225
0.03257480036926899
0.03226424004186183
0.03173245865931532
0.03136233881706295
0.030945422213146487
0.030554031115592257
0.029996724226683515
0.029447925839895514
0.028950178465831984
0.028158887768602776
