0.9990300348847103
0.9981111205649621
0.9970560707904365
0.9961371564706883
0.9950140389687739
0.9936867182846932
0.9926827193057092
0.9913979409512464
0.9902067557219434
0.9891091636177997
0.988096656172892
0.98705011486429
0.986148217476389
0.9852633370203352
0.9843869650302051
0.983425508380839
0.9824215094018548
0.9811877818429338
0.9801497490002552
0.9792393431464307
0.9782778864970646
0.9773419552454693
0.9763379562664851
0.9752318556964179
0.974329958308517
0.9734620947843103
0.9725431804645622
0.9716412830766613
0.9705947417680593
0.9695567089253807
0.9686207776737854
0.9677103718199609
0.9667574236365183
0.9658385093167702
0.9649110865310985
0.9639666468135795
0.9630051901642134
0.9621203097081596
0.9611758699906406
0.9601548540798094
0.9592614651578321
0.9583340423721602
0.957355568790947
0.956453671403046
0.9555092316855271
0.9545307581043138
0.9534927252616353
0.9524887262826512
0.9514847273036672
0.950565812983919
0.9495447970730877
0.9485918488896452
0.9476389007062027
0.9467284948523781
0.9458606313281716
0.9448736492810347
0.9440313111545988
0.942831617459372
0.9419212116055475
0.9407895856377095
0.9398876882498085
0.9387986046115885
0.9378371479622224
0.9368161320513911
0.9358802007997958
0.9350208457415128
0.9340593890921467
0.9331404747723986
0.9320684080660256
0.9310644090870416
0.9300944439717519
0.929150004254233
0.928248106866332
0.9270909555007232
0.9261805496468987
0.9251425168042202
0.9242831617459372
0.9233217050965711
0.9224283161745938
0.9214498425933804
0.9204713690121671
0.9195609631583426
0.9186590657704415
0.9177656768484642
0.9168637794605633
0.9159108312771207
0.9150344592869906
0.9140900195694717
0.9131115459882583
0.9120990385433506
0.9111290734280609
0.9101505998468477
0.9090870416063984
0.9081426018888794
0.9072151791032077
0.9061346039309113
0.9051731472815452
0.9042627414277206
0.9032417255168893
0.902263251935676
0.9012337275589212
0.9002637624436314
0.8992257296009529
0.8983408491448992
0.8972943078362972
0.8963498681187781
0.8954139368671828
0.8944780056155875
0.8934484812388327
0.8925210584531609
0.8915170594741768
0.8905300774270399
0.8895941461754445
0.8886667233897728
0.8877648260018719
0.8867608270228877
0.8857398111120565
0.8845911682123713
0.8835616438356164
0.8826597464477155
0.881706798264273
0.8807027992852888
0.8796902918403812
0.8786437505317791
0.8777843954734962
0.8768910065515187
0.8760401599591594
0.8751212456394112
0.8741938228537395
0.8732664000680678
0.8723730111460903
0.8713690121671063
0.8702714200629627
0.8693099634135966
0.8683995575597719
0.8673870501148643
0.8664596273291926
0.8653960690887433
0.8645026801667659
0.8636092912447886
0.8625457330043393
0.8616438356164383
0.860750446694461
0.8598485493065601
0.8589041095890411
0.8579937037352166
0.8570492640176977
0.8561558750957202
0.855134859184889
0.8542669956606824
0.8533565898068578
0.8523185569641794
0.8514421849740492
0.8502254743469753
0.8492214753679912
0.8481409001956948
0.8472475112737173
0.8461499191695737
0.8451289032587425
0.8441249042797584
0.8432400238237046
0.8422785671743385
0.8414021951842083
0.8405343316600017
0.8395984004084064
0.8386965030205054
0.8377520633029865
0.8367055219943844
0.835624946822088
0.8346379647749511
0.8337530843188973
0.83285969539692
0.8318982387475539
0.8309793244278056
0.8300433931762103
0.8291414957883093
0.828163022207096
0.8271675316940356
0.8262316004424403
0.8252701437930741
0.8244192972007147
0.823534416744661
0.822547434697524
0.8216115034459287
0.820598996001021
0.8196800816812728
0.8188037096911427
0.8178933038373182
0.8168382540627924
0.8159363566748915
0.8149578830936782
0.8139879179783885
0.8130860205904875
0.8122096486003574
0.8113417850761507
0.810371819960861
0.8094018548455714
0.8084574151280524
0.8073768399557559
0.8064664341019314
0.8055730451799541
0.8045520292691227
0.8037181996086106
0.8028077937547861
0.8019314217646558
0.8008848804560538
0.8000170169318472
0.7991321364757934
0.7981791882923509
0.7973198332340679
0.7963073257891602
0.7951331574917042
0.7941291585127201
0.7931251595337361
0.7921126520888284
0.791219263166851
0.790359908108568
0.7894835361184378
0.7885220794690717
0.7876627244107888
0.7866417084999574
0.7856292010550497
0.784744320598996
0.7838168978133243
0.7828554411639581
0.7819024929805156
0.7809070024674551
0.7799795796817833
0.7788904960435633
0.7779715817238152
0.7768314472900536
0.7759380583680763
0.7749085339913213
0.7737854164894069
0.7728665021696588
0.7718454862588275
0.7709435888709266
0.7699991491534076
0.7691312856292011
0.7682293882413
0.7672594231260104
0.7662724410788735
0.7653875606228197
0.76441759550753
0.7634816642559347
0.7625031906747214
0.7614566493661193
0.7604271249893644
0.7595252276014635
0.7585382455543266
0.7575512635071896
0.7566153322555943
0.7556028248106866
0.754547775036161
0.75364587764826
0.7527269633285119
0.7518505913383817
0.7509657108823279
0.7499276780396494
0.7490172721858249
0.7480047647409173
0.7470603250233983
0.7459372075214838
0.7448736492810346
0.7440313111545989
0.7430528375733855
0.742014804730707
0.7410788734791117
0.7401854845571344
0.7391729771122266
0.7381774865991662
0.7372160299498001
0.7362715902322812
0.7353271505147622
0.734221049944695
0.733361694886412
0.7324002382370458
0.7314217646558325
0.7304603080064664
0.7294307836297116
0.7284863439121926
0.7275333957287501
0.7265464136816132
0.7255764485663235
0.7245043818599507
0.7235429252105845
0.7226920786182252
0.7214668595252276
0.7202586573640772
0.7192291329873224
0.7183102186675743
0.7173147281545137
0.7163107291755296
0.7153407640602399
0.7143282566153323
0.7134008338296605
0.7124393771802944
0.7114779205309283
0.7105249723474858
0.7095635156981196
0.7086871437079895
0.7075470092742279
0.7065089764315494
0.7055305028503361
0.7043308091551094
0.7029864715391815
0.7019654556283502
0.700774270399047
0.6997022036926742
0.6988173232366205
0.6978984089168723
0.696877393006041
0.6959414617544457
0.6950055305028503
0.6940185484557134
0.692895430953799
0.691806347315579
0.6909214668595253
0.6899770271420063
0.6889645196970986
0.6880626223091977
0.6870671317961372
0.686105675146771
0.6850421169063218
0.6841317110524973
0.6832042882668254
0.6822258146856122
0.6813919850251
0.6803794775801922
0.6794435463285969
0.6785076150770016
0.6775121245639412
0.6765166340508806
0.6755466689355909
0.6745681953543776
0.6732919254658385
0.6724325704075556
0.6714881306900365
0.6704926401769761
0.6694971496639156
0.66844209988939
0.6674636263081767
0.6663915596018037
0.6654556283502084
0.6643920701097592
0.6632689526078448
0.662196885901472
0.661065259933634
0.6601123117501915
0.6589721773164299
0.657942652939675
0.6570237386199268
0.6561133327661023
0.6550327575938059
0.6541563856036756
0.6532715051476219
0.6519782183272356
0.6511188632689526
0.650250999744746
0.6492895430953799
0.6484216795711734
0.6475453075810431
0.6464987662724411
0.6456394112141581
0.6447034799625627
0.6435718539947247
0.6427124989364418
0.6418106015485407
0.6408491448991747
0.6398281289883434
0.6388581638730537
0.6379477580192291
0.637028843699481
0.6360503701182677
0.6351910150599847
0.6343231515357781
0.6333957287501063
0.6324683059644346
0.6315408831787629
0.6306304773249383
0.6295924444822598
0.6284267846507274
0.6274738364672849
0.6264953628860717
0.6255509231685528
0.6245469241895686
0.6235684506083553
0.6226920786182252
0.621773164298477
0.6208287245809581
0.6198417425338212
0.6189653705436909
0.6178422530417765
0.6169233387220284
0.6159618820726623
0.6149749000255254
0.6140730026376244
0.6130519867267932
0.6121841232025865
0.6111545988258317
0.610184633710542
0.6092401939930231
0.6083127712073513
0.607419382285374
0.606517484897473
0.605615587509572
0.6045435208031992
0.6036331149493747
0.6027312175614736
0.6017952863098783
0.6007997957968179
0.5999064068748404
0.5987662724410788
0.5978303411894835
0.5967752914149579
0.5958393601633626
0.5948183442525312
0.5938313622053943
0.5926827193057091
0.5916872287926487
0.5907853314047478
0.5897813324257636
0.5888709265719391
0.5877307921381775
0.5867267931591934
0.5857908619075981
0.5848294052582319
0.5839104909384838
0.5830085935505829
0.5820556453671403
0.5811452395133158
0.5800391389432485
0.5790436484301881
0.5781332425763634
0.5772143282566153
0.5762443631413257
0.575333957287501
0.574244873649281
0.5733940270569217
0.5724666042712498
0.5715136560878074
0.5705436909725177
0.5694631158002212
0.5685016591508552
0.567540202501489
0.5665957627839701
0.5656087807368332
0.5645792563600783
0.5636177997107121
0.5625372245384157
0.561524717093508
0.5605972943078363
0.5596273291925465
0.5586658725431805
0.5577469582234323
0.5566919084489067
0.5558240449247001
0.5549391644686463
0.5539862162852037
0.5529396749766017
0.5519782183272356
0.5509401854845571
0.5499532034374203
0.5487875436058879
0.5477324938313622
0.5466944609886838
0.5457330043393176
0.5447715476899515
0.5438100910405854
0.5428656513230664
0.5419297200714711
0.5407810771717859
0.5398451459201906
0.5389092146685952
0.5379732834169999
0.5370543690972518
0.5360929124478856
0.5351059304007487
0.5342380668765422
0.5333531864204883
0.5323917297711223
0.531455798519527
0.5305539011316259
0.5295243767548711
0.5283672253892623
0.5274653280013614
0.5264783459542245
0.5254913639070875
0.5245043818599506
0.5235684506083553
0.5227090955500723
0.521773164298477
0.5207946907172637
0.519782183272356
0.5184974049178933
0.5174678805411385
0.5161660852548285
0.514855781502595
0.5139028333191525
0.5128818174083213
0.5117842253041777
0.5106525993363397
0.5097421934825151
0.508780736833149
0.507606568535693
0.5063898579086191
0.5053688419977878
0.5043733514847273
0.5033693525057432
0.5024929805156131
0.5014464392070109
0.5004849825576448
0.49953203437420235
0.4985790861907598
0.497694205734706
0.4967582744831107
0.49567769931081423
0.49472475112737174
0.4937037352165405
0.49271675316940355
0.49174678805411387
0.4908533991321365
0.48985790861907597
0.48863268952607847
0.48765421594486513
0.4866332000340339
0.48564621798689694
0.48471879520122524
0.4836977792903939
0.48281289883434014
0.48187696758274484
0.4809580532629967
0.47984344422700587
0.4786437505317791
0.4777588700757254
0.4768059218922828
0.4754786012082022
0.4743129413766698
0.4730196545562835
0.47195609631583424
0.47102867353016253
0.4699991491534076
0.4690717263677359
0.46815281204798775
0.4671062707393857
0.4660427124989364
0.46503020505402876
0.4640517314728155
0.4631243086871437
0.4621203097081596
0.4611418361269463
0.4600187186250319
0.45905726197566576
0.45812983918999406
0.45685356930145493
0.45588360418616525
0.4548285544116396
0.45389262316004425
0.4528545903173658
0.45191015059984685
0.4506508976431549
0.4496979494597124
0.4486428996851868
0.4477324938313622
0.44678805411384326
0.44580958053263
0.44478856462179867
0.4438356164383562
0.4429677529141496
0.4419722624010891
0.44105334808134095
0.4400153152386625
0.43906236705521995
0.4380498596103123
0.437028843699481
0.4360078277886497
0.4347145409682634
0.43365949119373776
0.43273206840806605
0.43172806942908193
0.43079213817748657
0.4297796307325789
0.4286820386284353
0.4277631243086871
0.4266314983408491
0.42566153322555944
0.4247000765761933
0.4237045860631328
0.4227516378796903
0.4218837743554837
0.4209053007742704
0.41986726793159196
0.4188887943503786
0.4178252361099294
0.41683825406279246
0.4155619841742534
0.4145579851952693
0.4135284608185144
0.4125670041691483
0.4116140559857058
0.41056751467710373
0.40939334637964775
0.40853399132136475
0.4075129754105335
0.40656853569301454
0.4055134859184889
0.40458606313281714
0.4035225048923679
0.40256955670892536
0.4015400323321705
0.40054454181911003
0.3995235259082787
0.3984089168722879
0.397507019484387
0.39656257976686804
0.3955755977197311
0.3944524802178167
0.3935420743639922
0.3925040415213137
0.39133838168978136
0.39032587424487364
0.3892963498681188
0.38824130009359314
0.3872628265123798
0.3861141836126946
0.38511018463371055
0.38408916872287924
0.38312771207351315
0.382208797753765
0.3812303241725517
0.38025185059133837
0.3793074108738195
0.37832893729260614
0.37715476899515016
0.3761082276865481
0.37477239853654387
0.3737343656938654
0.37250914660086787
0.3715561984174253
0.37067131796137154
0.36972687824385264
0.3688079639241045
0.3679060665362035
0.3669446098868374
0.365864034714541
0.36487705266740406
0.3638475282906492
0.36286905470943587
0.36195014038968776
0.3610567514677104
0.35995915936356676
0.358989194248277
0.3578916021441334
0.35687909469922574
0.3558155364587765
0.35484557134348677
0.3539266570237386
0.35293116651067813
0.3519867267931592
0.3509997447460223
0.35001276269888537
0.3491363907087552
0.3478686292861397
0.34688164723900283
0.34596273291925467
0.344907683144729
0.3438611418361269
0.3429677529141496
0.3420828724580958
0.3411129073428061
0.34015145069344
0.3390964009189143
0.3379477580192291
0.3369692844380158
0.33603335318642047
0.33511443886667236
0.3341955245469242
0.33323406789755805
0.33230664511188635
0.331328171530673
0.3302220709606058
0.3292435973793925
0.32836722538926233
0.32749085339913214
0.32659746447715476
0.3253297030545393
0.3242065855526249
0.3230409257210925
0.3221645537309623
0.32120309708159617
0.3199608610567515
0.3190419467370033
0.31811452395133155
0.31715306730196546
0.31579171275419043
0.3147281545137412
0.3136135454777504
0.31266059729430784
0.31154598825831703
0.31061856547264527
0.30953799030034884
0.30855951671913556
0.3073087722283672
0.3063558240449247
0.305343316600017
0.30414362290479025
0.30318216625542416
0.3022887773334468
0.3011401344337616
0.300229728579937
0.29926827193057093
0.298323832213052
0.2974474602229218
0.2964860035735557
0.29555007232196034
0.2946056326044414
0.2937037352165405
0.29272526163532714
0.29155960180379475
0.2905215689611163
0.28958563770952095
0.28848804560537733
0.2875606228197056
0.28663320003403386
0.2856972687824385
0.2845656428146005
0.283655236960776
0.28257466178847956
0.28126435803624605
0.2803454437164979
0.27924785161235427
0.27805666638305115
0.2771207351314558
0.27616778694801325
0.2750957202416404
0.27411724666042714
0.27296860376074195
0.2720581979069174
0.2710456904620097
0.2699566068237897
0.2691142686973539
0.26815281204798774
0.2667744405683655
0.2657108823279163
0.2645877648260019
0.2636858674381009
0.2625457330043393
0.2613970901046541
0.26011231175019145
0.2592104143622905
0.25809580532629967
0.2569131285629201
0.2559601803794776
0.255092316855271
0.2540202501488982
0.2529481834425253
0.25204628605462437
0.2511358802007998
0.25021696588105163
0.24935761082276867
0.2481409001956947
0.2470433080915511
0.24612439377180295
0.24509486939504807
0.24403131115459883
0.24311239683485067
0.24172551688930485
0.2405598570577725
0.23945375648770525
0.2383051135880201
0.2372755892112652
0.23594826852718453
0.23414447375138261
0.23299583085169745
0.23198332340678976
0.231055900621118
0.23005190164213393
0.22887773334467795
0.227975835956777
0.227116480898494
0.22605292265804475
0.2247341104398877
0.22294733259593294
0.22139879179783886
0.22009699651152898
0.2188973028163022
0.21732323662043734
0.21619161065259934
0.21528971326469837
0.21386029098953457
0.21250744490768314
0.21111205649621373
0.2096315834255084
0.20828724580958052
0.2069343997277291
0.20559857057772485
0.2043563345528801
0.20294392920956353
0.20159108312771207
0.20021271164808985
0.19898749255509232
0.1971836977792904
0.19596698715221644
0.19459712413851782
0.19345698970475622
0.1925125499872373
0.19143197481494087
0.19015570492640177
0.18894750276525143
0.18786692759295498
0.18690547094358886
0.1860205904875351
0.18485493065600272
0.18382540627924784
0.18271930570918063
0.1817918829235089
0.1802263251935676
0.17913724155534758
0.17803114098528036
0.1766953118352761
0.17577639751552795
0.17472985620692588
0.17358972177316428
0.17247511273717347
0.1714626052922658
0.1701948438696503
0.16900365864034714
0.16784650727473838
0.1667829490342891
0.1656598315323747
0.16463030715561985
0.1634306134603931
0.1622819705607079
0.16104824300178677
0.15988258317025442
0.15886156725942313
0.15798519526929294
0.1569386539606909
0.15573045179954054
0.15476048668425083
0.15371394537564878
0.15250574321449842
0.1511443886667234
0.15005530502850337
0.14894920445843615
0.14748574831957798
0.14620947843103888
0.1451969709861312
0.1442099889389943
0.14296775291414957
0.14177656768484642
0.1406874840466264
0.13937718029439292
0.13807538500808303
0.13696077597209222
0.1357015230154003
0.13442525312686124
0.13344677954564793
0.13221305198672678
0.13113247681443035
0.12987322385773845
0.1286905470943589
0.1271079724325704
0.12590827873734367
0.12498085595167191
0.12367055219943844
0.12255594316344763
0.12156896111631073
0.12053092827363227
0.11968008168127287
0.11862503190674721
0.11757849059814515
0.1166510678124734
0.11559601803794776
0.11444737513826257
0.1134178507615077
0.1121585978048158
0.11124819195099124
0.11021866757423636
0.10920616012932868
0.10815111035480303
0.10713009444397176
0.10615162086275845
0.10496043563345529
0.10392240279077682
0.10290138687994554
0.10188887943503787
0.10064664341019314
0.09946396664681358
0.09847698459967667
0.097464477154769
0.09630732578916021
0.09531183527609972
0.09432485322896282
0.09340593890921467
0.09244448225984855
0.09121926316685101
0.08989194248277035
0.0889815366289458
0.08781587679741343
0.08673530162511699
0.08568876031651493
0.08469326980345444
0.08359567769931081
0.08252361099293798
0.0814940866161831
0.08035395218242151
0.07923083468050711
0.07828639496298817
0.07729090444992767
0.07622734620947844
0.07523185569641794
0.07431294137666979
0.07328341699991492
0.07213477410022973
0.07124989364417596
0.07036501318812217
0.0693610142091381
0.06824640517314728
0.06734450778524632
0.06628945801072067
0.06541308602059048
0.06440057857568281
0.06350718965370544
0.06253722453841572
0.061660852548285544
0.06069088743299583
0.0591763804985961
0.05781502595082107
0.05688760316514933
0.05604526503871352
0.05512635071896537
0.05415638560367566
0.053084318897302814
0.052037777588700755
0.05111886326895261
0.05019994894920446
0.04911086531098443
0.048072832468305966
0.047196460478175786
0.046294563090274826
0.04531608950906152
0.04422700587084149
0.04332510848294053
0.04247426189058113
0.04157236450268017
0.04069599251254999
0.03964945120394793
0.03875606228197056
0.037743554837062876
0.036841657449161916
0.035965285459031736
0.03492725261635327
0.03383816897813324
0.03275759380583681
0.0316344763039224
0.03056240959754956
0.029652003743725005
0.028733089423976857
0.027848208967923085
0.02696332851186931
0.026052922658044753
0.025193567599761765
0.024240619416319237
0.023313196630647494
0.02238577384497575
0.021500893388921978
0.020590487535097422
0.019654556283502083
0.018608014974900024
0.0176550667914575
0.016787203267250916
0.015910831277120736
0.0148302561048243
0.013987917978388496
0.013120054454181912
0.012201140134433762
0.011171615757678891
0.010295243767548711
0.009444397175189313
0.008593550582829916
0.007666127797158172
0.006543010295243768
0.005462435122947333
0.004535012337275589
0.0037011826767633796
0.002901386879945546
0.002178167276440058
0.0014124053433166
0.0007997957968178338
0.00037437250063813494
0.00017867778439547348
8.508465923593976e-05
2.5525397770781926e-05
8.508465923593976e-06
8.508465923593976e-06
8.508465923593976e-06
8.508465923593976e-06
8.508465923593976e-06
