0.010408677550126
0.010418160498721983
0.010429069659429652
0.010430225678302764
0.010433502288939472
0.010447293278314876
0.01045774916668787
0.010471159725524832
0.010483624119987756
0.010495135466407906
0.010505776899219521
0.010516798730819423
0.010526315789473684
0.01053567003614427
0.010536488578343753
0.01054668104850446
0.01055734558168232
0.010570479875762541
0.010581556141511135
0.010591289695844294
0.010601588517240489
0.010611633175135015
0.010622429535872255
0.01063434929348905
0.01064408829755065
0.010653476647959669
0.010663435322629507
0.010673227698412011
0.01066745299382502
0.010678751888315883
0.010680362558768065
0.010681697589659282
0.010692114130482103
0.010702177910635071
0.010712354100877576
0.010722736917475092
0.010733327506336859
0.010743093100974576
0.010753535618897499
0.01076484768792461
0.01077476528911117
0.010785080053749747
0.010795984034603415
0.0108060542062654
0.010816619542143417
0.010827587423069463
0.010839247254881192
0.010850548712601835
0.01086187376167563
0.010872259800970358
0.010883823164462722
0.010894637850881862
0.010896690141470477
0.01090705447304793
0.010916952862252433
0.010928231710575536
0.010937876073061802
0.010951641407379639
0.010962110585986009
0.010975151612730102
0.010985567453353867
0.010998171453156933
0.011009322482525953
0.01102118906683673
0.011032089263718183
0.011042116630669547
0.011053356995504788
0.011064121407767429
0.011076706417628845
0.01108851836790023
0.011099953863272451
0.011111111111111112
0.011121786737246656
0.011126539428426221
0.01113735465116279
0.011149711708106731
0.011159962496700256
0.011171453564659572
0.011173133402652365
0.011184865279439023
0.011196621819245394
0.011207582730258644
0.011218462383808782
0.011229260243835365
0.011240182045070836
0.0112517451686384
0.011253309796999117
0.01126480576493001
0.011276740800796005
0.011289117622644642
0.011300999916904413
0.011313011812115274
0.011326097215667769
0.011337742455399322
0.011349201197971238
0.011362581459683259
0.011374513284204853
0.011385834682145449
0.01139855841761189
0.011410778711066777
0.011423664905829429
0.011435832274459974
0.01144888223739594
0.011460030335374417
0.01147324315964118
0.011485193108884136
0.011497059983844002
0.011508951406649617
0.011522060415509598
0.011533894951094024
0.011546734085506207
0.011559383499546692
0.011571404261755753
0.0115833404309684
0.011594971723046901
0.011607947271089193
0.011621172561120342
0.011636087080520961
0.011649487479656226
0.011661252060249802
0.011673708405260799
0.01168686087479591
0.011700154854990728
0.011713927515288398
0.011725261040329534
0.011737066692237619
0.011748332293516342
0.011760523458593157
0.011772853185595568
0.011785208792690089
0.011797135532124062
0.011810567756378093
0.011825287178644922
0.01183821111476488
0.011850474890354063
0.011864143920595533
0.011876691991965766
0.011891114694853013
0.011903256863336218
0.011915423854211285
0.011929940837629997
0.011942278984906286
0.011954525921006367
0.011966914999706693
0.011979916023137681
0.011982794940379961
0.011995841180163214
0.0120082083910179
0.012022373607793407
0.012034440344403444
0.012047124647845702
0.012061619787762832
0.012073884671201367
0.012090954028670291
0.012105075619605669
0.01212031118378673
0.012132936507936508
0.012138670904936923
0.0121531576330184
0.012167436673570177
0.012180049437843872
0.012193783365763608
0.012206328911618988
0.012218778122187782
0.012232232232232233
0.012245225163837505
0.012258860588064163
0.012274005624748896
0.012289682499773717
0.01230403656977154
0.012316934272726357
0.012329983452395367
0.012344057780695994
0.012357539413674195
0.012371301011369044
0.01238459121727762
0.012399042168919194
0.01241377909162019
0.012427666303938817
0.012441964649344302
0.012454645521627462
0.012467861078235318
0.012482634632671406
0.01249667641584685
0.012511902689751912
0.012525753646511342
0.01253899195534395
0.012552774039794965
0.012568783749035741
0.012582501879137965
0.01259741866314791
0.012612240685313242
0.012626053893205489
0.012639505176818609
0.012652854140133984
0.012667806976623647
0.012682795196728628
0.012687164247342553
0.012703928749791909
0.012718087599604187
0.012732012513034411
0.012747964084359992
0.012761020881670533
0.012775307350248497
0.012789089994972348
0.012805587892898719
0.012819301395319537
0.012833314064092997
0.012848438930454273
0.012862108922363847
0.012878252523441373
0.012897024494840134
0.012913119348527312
0.012929254423583976
0.012945567123984817
0.012959994905161708
0.012973903434206053
0.01298811815889968
0.013003748828491096
0.013007228607373605
0.013023891367935607
0.01304045748490193
0.013054969984269832
0.013070214908615629
0.013086056913621299
0.01310179666441144
0.013118279569892474
0.013133672799302408
0.013151795435680173
0.01316712535750904
0.01318619556641195
0.01320117728531856
0.0132184842082453
0.013237416316743161
0.013252946608006083
0.013270245281992712
0.013285563384116128
0.013301641989576746
0.013316451274886483
0.013331876297672386
0.013348505405050549
0.01336546888694128
0.013380714223041152
0.01339746546309108
0.013413668748350779
0.01343065050585114
0.013448861256255926
0.01346682414756107
0.013482599710455645
0.013499905943278264
0.013517256661680794
0.013533751178656609
0.013551640637149268
0.013570332139440724
0.013586351285135195
0.013602711622513603
0.013618351286487694
0.013634179322984767
0.013652793786859746
0.013669161475373101
0.01368741094768492
0.013704477544876548
0.013724828439644505
0.01374415591730975
0.01375950195114249
0.01377737123239715
0.013796379015933688
0.013813562200658975
0.01383000430770626
0.01384868607752994
0.01386710313942122
0.013884937119444602
0.01390250017093238
0.013920107709685884
0.013940785940374572
0.013956893790326271
0.013974959621530602
0.013993393283171224
0.014011553789436207
0.01403105232892467
0.014048987206209191
0.014067130190136867
0.014085970604195771
0.01410453541741332
0.014125111437866877
0.014143615664634006
0.01416003156990645
0.014183737531099588
0.014207192099869573
0.014227239332485918
0.014245180575178356
0.014264668054158968
0.014284376170850505
0.014303468004783455
0.014323451717053126
0.014341805186561023
0.0143608818994032
0.01438000942951438
0.014399018034179964
0.014418247355669798
0.01443581976524044
0.014458745170542084
0.014479680972274972
0.014499471125848278
0.014523809523809524
0.01455117959972329
0.014572036023984138
0.01459644421047594
0.014618481595092025
0.014636721374412132
0.0146557109221085
0.014676868293152399
0.01469631628400029
0.01471581588343144
0.01473643523215925
0.014759969028261712
0.014782861574253587
0.01480151412210036
0.014821474129238395
0.014842932574153832
0.014862099210603255
0.014883312390967537
0.014903857900266314
0.014926651413749648
0.014946218116776518
0.014966203368622496
0.014987346748237144
0.014932716671996851
0.01494247209835177
0.014962747323234816
0.014983077645198744
0.015004762434903082
0.015026510083742133
0.015047760823719142
0.015069258960183862
0.01509739249486589
0.015116394995264444
0.015137334181922554
0.015159468106378724
0.015181666854403685
0.015205264807270448
0.015227215666582977
0.015251339049966053
0.015272461724415794
0.015296535895786832
0.015322040749302109
0.015346465758277349
0.015372332336391747
0.015394182445809432
0.015420406295288704
0.015444162921276785
0.015465429092346333
0.015486556188238899
0.015511707310835177
0.015532165539848392
0.015552877218176223
0.015583247687564234
0.01560349374187988
0.015623993714337236
0.015646767452659822
0.01566738136447005
0.01568825256405282
0.015713249391160165
0.015733834879045335
0.015756316165486783
0.015783584031645242
0.015804354340660055
0.015826211755496117
0.015849579260962733
0.015874469978537403
0.015898188681223623
0.015920515546455617
0.01594311475625304
0.015967249368155013
0.015988506201642348
0.016010031016960337
0.016033097176694513
0.016056229896620648
0.016079429465256236
0.01610226865433885
0.01612838888962757
0.016157821824381927
0.01618196371398079
0.01620682744338299
0.016230898921508283
0.016256566956148816
0.016281660648850352
0.016304201725852844
0.01632790415937542
0.016352336914760242
0.016377948503301244
0.016400757166035694
0.01643008072817901
0.016454150841020077
0.016479410925591315
0.016505422432678832
0.01652926347346188
0.016556336586364566
0.016579418558561022
0.016606883710741763
0.01663284335234752
0.016658197948281307
0.016683171040325687
0.016707298596476728
0.016731726830075726
0.016756226602754488
0.01678544246869162
0.01681033288062308
0.01683506356520291
0.016860804536988128
0.016888270100939785
0.016912994980479643
0.0169446539826223
0.016970731434327608
0.017000224240385692
0.017026473147862216
0.017055200922358765
0.017083063403092697
0.017115604408008918
0.01714390705825819
0.01716962971350923
0.01719835530979725
0.017224486318390297
0.017257323336510692
0.017286343361217597
0.017313483963974252
0.01734145365128381
0.01736827033218786
0.017394671179051826
0.01742265375886932
0.017449471337121485
0.01748216473301146
0.01751169371138188
0.017538786310203728
0.017566217253414045
0.017595265379538434
0.01762261738726174
0.017655449464368887
0.017681184770567314
0.017709321848310096
0.01773832677712297
0.017767947384610877
0.017801062487159167
0.01783063105440327
0.01786029801519524
0.017889536169898974
0.017920193827652944
0.017952285105375325
0.017982358609443333
0.018016278517110264
0.018048178071389247
0.018077496274217585
0.018108261427761025
0.01813886022759559
0.018168201902194262
0.018202007772992603
0.01822991027818272
0.018258448107172424
0.018289281244817032
0.018323262839879156
0.01835459318776764
0.018388539376942317
0.018420932740056798
0.01845933771609447
0.018494236750625115
0.018528701921608163
0.018560739369271495
0.018592887798896382
0.018625147788167734
0.018656945982527377
0.01868856500169476
0.018727516944311497
0.018759375821592615
0.018791343278957724
0.018823419872441457
0.01885501997419676
0.018888196823419495
0.018922376138774493
0.01895253273335208
0.018983379761494883
0.01901701026887199
0.019049862583431488
0.01908162783746795
0.01911801790442567
0.01915908516552944
0.01919121602379521
0.019226501822792837
0.019261917616794234
0.0192974641254892
0.01933129342767897
0.01936245949526713
0.019396517261781026
0.01943225144980936
0.01946936744619039
0.019516668811944908
0.019554738759652433
0.019603089951194287
0.019651999222344632
0.01968772317081088
0.0197261432381448
0.019767612404869385
0.01981055038379879
0.019845230109778643
0.019881986559580397
0.019927060060454724
0.01997398277593901
0.020013529343826823
0.020052238312504134
0.02009143008579852
0.020125765293424698
0.02016692159340294
0.020204880486382942
0.020242644727400165
0.020280550400428015
0.020315875860451874
0.020353373491954294
0.02039683874222297
0.02043532464031807
0.02047672102366724
0.020516897263286087
0.02055653470715835
0.020593178615690204
0.020634164597012894
0.020684833395859623
0.020725477130213405
0.020768058623110243
0.020809387383987236
0.02084837234883641
0.020891460852192484
0.02092894854894924
0.020968745678329414
0.021007966747488744
0.0210557378187436
0.021107398900257535
0.02114566627152918
0.021187032767414238
0.02124492083508477
0.02129601994417037
0.021353002270846903
0.021400091739882148
0.02144132359959698
0.021487281230071566
0.02152885007898053
0.021570196496843604
0.021617479327060166
0.021665743833389893
0.021711892317605785
0.021756676770756732
0.021799295521529725
0.021845621870835285
0.021890960278645035
0.021943233415944573
0.021988181126055904
0.022031712588771638
0.022091900850529075
0.02213786432573504
0.022188077338162394
0.022232812184974065
0.02228263864650881
0.02232816699186393
0.022389161652331204
0.022435541745274293
0.022487115791034816
0.02253181016067614
0.022578363487454397
0.022626797739185585
0.02267755987212324
0.022725143788523146
0.02276865321445331
0.022818766695511493
0.022865221489161168
0.02291792623941959
0.02296652529536504
0.023018388143537582
0.02307092454875706
0.02312370131726938
0.023190899531593537
0.02324600908376612
0.023294668919956983
0.02334757670246757
0.023397114420183628
0.02345094248429193
0.023509574385611288
0.0235588875077688
0.02361990069126667
0.023672449796061746
0.023724769206696916
0.023779184881692183
0.023831509459910805
0.023879362954505188
0.023933546426739276
0.02399129746835443
0.024045990682921993
0.024105723370429252
0.024161421400685203
0.024233827466336358
0.024291092598526114
0.02435009535280538
0.02440545652086435
0.02446057672917927
0.02452139810378636
0.0245899977700744
0.024640448525229543
0.02470065977030219
0.02475661775210727
0.024819429951097743
0.02487490771880896
0.024938835091181975
0.024996393760174748
0.025058876998719167
0.02511959245376794
0.025182171105897985
0.02525084308255964
0.025306684469665358
0.025365425231592815
0.02542710407714076
0.02549765623357787
0.025555134201323052
0.02562098681987158
0.02569534179253077
0.025760278627251103
0.025826644239572465
0.025895010994172022
0.02595873994179079
0.026033953598179983
0.026100053792361484
0.026167619458526588
0.026231564378703342
0.026292972644903975
0.026358677937373693
0.026424712443360057
0.026488764658353897
0.02655545339112921
0.026635924462011417
0.02670806085826893
0.026800707026071586
0.02687314457884709
0.02695915010890341
0.027026424847377568
0.027089195587118673
0.02715651375736002
0.027222334432998947
0.027287247204913056
0.027356788452864232
0.02743536968764843
0.02750754019547815
0.02758322721484446
0.027655548209115158
0.027723813224236053
0.02779050586510264
0.02787288310852731
0.027946089160234996
0.028029392735003236
0.028106680260444425
0.028188324967466073
0.028263199589915654
0.028334501284746554
0.02841215187501464
0.02848621483255836
0.028564027692742428
0.028642266824085005
0.028712097900442636
0.028813720366763267
0.028893335238911914
0.028967855948798776
0.029053892215568863
0.029139741033463857
0.029213429025576804
0.02928678352407166
0.029367615727290335
0.029448180427763346
0.02953709791316629
0.029634515782273038
0.02971800965284073
0.029798314786154717
0.029877583191704228
0.029957274456051963
0.030041111496359404
0.030122426680573147
0.030208696518404143
0.030306815910453727
0.03039414668370543
0.03047279304627443
0.030551847467445784
0.030632860245466943
0.030748561433749905
0.030851794389195514
0.03095967330270546
0.03104127747780024
0.031131300687814393
0.03124838992220104
0.03133557220356497
0.03142405637159659
0.031516316774059444
0.03164788144437487
0.03175143313352354
0.03186068501786089
0.03195468914646997
0.03206534669169156
0.032158006362672326
0.032266645386109113
0.03236565451731683
0.032493102247461894
0.03259088100163895
0.03269541778975741
0.032820152060391246
0.03292080551484557
0.03301488799978226
0.033136644265967324
0.03323378722704732
0.033336997746385974
0.03343900758097863
0.033534225367687714
0.03363931334756926
0.033742245959553815
0.03384675484122998
0.03394716220754506
0.03405677064323216
0.03418827508455468
0.03430623904066972
0.03441330004539265
0.03453970785045132
0.03464724364467295
0.03475545113320535
0.03483759701063524
0.034971290071269874
0.03507959479015919
0.035209017226854135
0.035367241530245994
0.0354790550627909
0.03561354019746121
0.0357606514811755
0.0358770943105796
0.035996435996435996
0.03613164798473647
0.036255945436596965
0.03640295548747522
0.036520324223340464
0.03665174791339059
0.036794171220400726
0.03690508815200511
0.03703251038865803
0.03721672910397347
0.037360130698807066
0.037512767340369554
0.03763624507033506
0.0377935077489164
0.037953278637189204
0.03813359343045024
0.03826119897717587
0.038420084955303364
0.03859012322093801
0.03872823134686052
0.038854871285224246
0.039012456947886825
0.03917132607220193
0.039305983460353494
0.03944285342358761
0.03958197256694971
0.03971296569350241
0.039899920990255466
0.04007008959566238
0.04021367663160689
0.04037577453527883
0.040544609105810724
0.04069162330031895
0.04091553575045574
0.04110564693912159
0.04128768523249872
0.04147843942505133
0.04165091583903227
0.0418754102891891
0.0421844001253002
0.042383550146873686
0.04256066299118587
0.04272419627749577
0.04290265486725664
0.04311326124075128
0.043276440762693706
0.043398795871559634
0.04359408186039814
0.043838690993339126
0.04417450937477201
0.044469741480611044
0.04472100151408841
0.044955082040240554
0.04526595148207677
0.04549211119459053
0.045673983555857285
0.045965231913763
0.04624431970061481
0.0465357568304961
0.046849007698557
0.047137129734148145
0.04743067523108256
0.047724137931034485
0.04800031709540608
0.04831823804013885
0.0486267266302602
0.0489451135720637
0.04923164484917473
0.04965964077749528
0.04995256362661387
0.05028652105306868
0.05056789711040588
0.050803372907664554
0.05107549557148882
0.051400679117147706
0.05171235801520198
0.051994332574814305
0.05224782120976788
0.05248331455317674
0.05279679121070759
0.05307678821879383
0.05338093978665256
0.05363865881206538
0.054079399812441385
0.054390298675050526
0.054709735712672236
0.0551005551005551
0.055372656607224506
0.05568584172529544
0.05603109239809374
0.056372777208826
0.0566867949258063
0.05708494390496842
0.05746417386352852
0.05783742477791575
0.05818478835343295
0.05855616266138001
0.05890077821011673
0.059307507713404185
0.05970222835732597
0.06013208202989225
0.06054394560543946
0.060909365255004524
0.06122655341523838
0.06160968660968661
0.062058009634108846
0.062374349193257385
0.06277235941066611
0.06323821469635205
0.0637714767576684
0.06420460575188369
0.06465056636033341
0.06525021570319241
0.06578232032184408
0.06621067031463748
0.06663362519962553
0.06717370787764393
0.06769988250433615
0.06818822203437588
0.06878517423682565
0.0693886913636885
0.06991390766741781
0.07051692989101929
0.07113880886589452
0.07162306144193205
0.07224311899217864
0.07279509084346047
0.07344907126380965
0.07407407407407407
0.07492724007678495
0.0755872063968016
0.07610541543493302
0.07679115853658537
0.07743547044129892
0.0780150996967155
0.07863414634146342
0.07914893617021276
0.079796713088245
0.08044982698961937
0.08103760305650513
0.08171679621493748
0.08246930422919509
0.08315565031982942
0.08401084010840108
0.08464015681881826
0.0853632704935395
0.08608658501851324
0.08678784395430707
0.08754257554895283
0.08827828120432622
0.08919078558771412
0.09000149009089554
0.09081341151706511
0.09163316392323446
0.09265935414589246
0.0936579314622422
0.0945079017368174
0.09539603569454316
0.09643170751177457
0.09734085414987913
0.09825931348625346
0.09913014935171509
0.10005798061790773
0.10126582278481013
0.102607661598573
0.10354877421566946
0.10477925232023592
0.1059463252061042
0.10710169341253657
0.10822433255688944
0.10948971268014139
0.11075456129091409
0.11199703319117374
0.11340593315809237
0.11482889733840304
0.11605341531367086
0.1173727166731442
0.11881577653191698
0.12019900497512438
0.12150472741903037
0.12291242362525458
0.1246257098606092
0.12588726513569937
0.1272688898269312
0.12887369095960674
0.1307033705429717
0.13222234404122354
0.13394842152067585
0.13530536497581824
0.13714090287277703
0.13880235375562477
0.1406524026657313
0.14236686390532544
0.14431381957773512
0.14746261338563374
0.1504126031507877
0.1524908099885917
0.15442875481386392
0.1564900403593282
0.15884762785780362
0.16153742776508534
0.16425252801311835
0.1667128987517337
0.16924809912700647
0.17235445942070549
0.17542323409223584
0.17797866034380558
0.1806956783616925
0.18375478927203065
0.18743160856651556
0.19058973136226356
0.1936682280730092
0.19690992767915844
0.20030095301788997
0.20450665756230796
0.20823917955849122
0.212637557685481
0.2165731861769495
0.2206858407079646
0.22576386269332327
0.23134905295709315
0.23717059639389737
0.24354018311291964
0.24994779703487158
0.2555009613330485
0.26153509731029956
0.26762139181024835
0.27399770904925547
0.28088304368248
0.2877074813567477
0.2956736711990111
0.30386178861788615
0.31251633133002354
0.32106394411606665
0.330567081604426
0.3407534246575342
0.3531499556344277
0.3648607284970921
0.37622510275055326
0.3888888888888889
0.40572792362768495
0.41969643487469116
0.4353716587330648
0.45308924485125857
0.4750099960015994
0.4952023362536504
0.5163398692810458
0.5394436844505244
0.566410009624639
0.6044238683127572
0.6464757709251101
0.6870229007633588
0.7282948157401624
0.7729693741677763
0.8174037089871612
0.8725038402457758
0.9219269102990033
0.9602169981916817
0.9791459781529295
0.9889867841409692
0.99625
0.9985652797704447
0.9979550102249489
0.9972677595628415
0.9953917050691244
0.9903846153846154
