1.0
1.0
1.0
0.9991902834008097
0.9983805668016195
0.9983805668016195
0.9983805668016195
0.9983805668016195
0.9983805668016195
0.9983805668016195
0.9983805668016195
0.9983805668016195
0.9983805668016195
0.9983805668016195
0.9975708502024292
0.9975708502024292
0.9975708502024292
0.9975708502024292
0.9975708502024292
0.9975708502024292
0.9975708502024292
0.9975708502024292
0.9975708502024292
0.9975708502024292
0.9975708502024292
0.9975708502024292
0.9975708502024292
0.9975708502024292
0.9959514170040485
0.9959514170040485
0.9951417004048583
0.994331983805668
0.994331983805668
0.994331983805668
0.994331983805668
0.994331983805668
0.994331983805668
0.994331983805668
0.994331983805668
0.994331983805668
0.994331983805668
0.994331983805668
0.994331983805668
0.994331983805668
0.994331983805668
0.994331983805668
0.994331983805668
0.994331983805668
0.994331983805668
0.994331983805668
0.994331983805668
0.994331983805668
0.9935222672064777
0.9935222672064777
0.9935222672064777
0.9935222672064777
0.9935222672064777
0.9935222672064777
0.9935222672064777
0.9935222672064777
0.9935222672064777
0.9935222672064777
0.9935222672064777
0.9935222672064777
0.9935222672064777
0.9935222672064777
0.9935222672064777
0.9935222672064777
0.9935222672064777
0.9935222672064777
0.9935222672064777
0.9935222672064777
0.9935222672064777
0.9927125506072875
0.9927125506072875
0.9927125506072875
0.9927125506072875
0.9927125506072875
0.9919028340080972
0.9919028340080972
0.9919028340080972
0.9919028340080972
0.9919028340080972
0.9919028340080972
0.9919028340080972
0.9919028340080972
0.9910931174089069
0.9910931174089069
0.9910931174089069
0.9910931174089069
0.9910931174089069
0.9910931174089069
0.9910931174089069
0.9910931174089069
0.9910931174089069
0.9910931174089069
0.9910931174089069
0.9910931174089069
0.9910931174089069
0.9910931174089069
0.9910931174089069
0.9910931174089069
0.9910931174089069
0.9910931174089069
0.9910931174089069
0.9910931174089069
0.9910931174089069
0.9910931174089069
0.9910931174089069
0.9910931174089069
0.9910931174089069
0.9910931174089069
0.9910931174089069
0.9910931174089069
0.9910931174089069
0.9910931174089069
0.9910931174089069
0.9910931174089069
0.9910931174089069
0.9910931174089069
0.9910931174089069
0.9910931174089069
0.9910931174089069
0.9910931174089069
0.9910931174089069
0.9910931174089069
0.9910931174089069
0.9910931174089069
0.9910931174089069
0.9910931174089069
0.9910931174089069
0.9910931174089069
0.9910931174089069
0.9910931174089069
0.9910931174089069
0.9910931174089069
0.9910931174089069
0.9910931174089069
0.9910931174089069
0.9910931174089069
0.9910931174089069
0.9910931174089069
0.9910931174089069
0.9910931174089069
0.9910931174089069
0.9902834008097166
0.9902834008097166
0.9902834008097166
0.9902834008097166
0.9902834008097166
0.9902834008097166
0.9902834008097166
0.9902834008097166
0.9902834008097166
0.9902834008097166
0.9902834008097166
0.9902834008097166
0.9894736842105263
0.9894736842105263
0.9894736842105263
0.9894736842105263
0.9894736842105263
0.9894736842105263
0.9894736842105263
0.9894736842105263
0.9894736842105263
0.9894736842105263
0.9894736842105263
0.9894736842105263
0.9894736842105263
0.9894736842105263
0.9894736842105263
0.9894736842105263
0.9894736842105263
0.9894736842105263
0.9894736842105263
0.9894736842105263
0.9894736842105263
0.9894736842105263
0.9894736842105263
0.9894736842105263
0.9894736842105263
0.9894736842105263
0.9894736842105263
0.9894736842105263
0.9894736842105263
0.9894736842105263
0.9894736842105263
0.9894736842105263
0.9894736842105263
0.9894736842105263
0.9894736842105263
0.9894736842105263
0.9894736842105263
0.9894736842105263
0.9894736842105263
0.9894736842105263
0.988663967611336
0.988663967611336
0.988663967611336
0.988663967611336
0.988663967611336
0.988663967611336
0.988663967611336
0.988663967611336
0.988663967611336
0.988663967611336
0.988663967611336
0.988663967611336
0.988663967611336
0.988663967611336
0.988663967611336
0.988663967611336
0.988663967611336
0.988663967611336
0.988663967611336
0.988663967611336
0.988663967611336
0.988663967611336
0.9878542510121457
0.9878542510121457
0.9878542510121457
0.9878542510121457
0.9878542510121457
0.9878542510121457
0.9878542510121457
0.9878542510121457
0.9878542510121457
0.9878542510121457
0.9878542510121457
0.9878542510121457
0.9878542510121457
0.9878542510121457
0.9878542510121457
0.9878542510121457
0.9878542510121457
0.9878542510121457
0.9878542510121457
0.9878542510121457
0.9878542510121457
0.9878542510121457
0.9878542510121457
0.9878542510121457
0.9878542510121457
0.9878542510121457
0.9878542510121457
0.9878542510121457
0.9878542510121457
0.9878542510121457
0.9878542510121457
0.9878542510121457
0.9878542510121457
0.9878542510121457
0.9878542510121457
0.9878542510121457
0.9878542510121457
0.9878542510121457
0.9878542510121457
0.9878542510121457
0.9878542510121457
0.9878542510121457
0.9878542510121457
0.9878542510121457
0.9878542510121457
0.9878542510121457
0.9878542510121457
0.9878542510121457
0.9878542510121457
0.9878542510121457
0.9878542510121457
0.9878542510121457
0.9878542510121457
0.9878542510121457
0.9878542510121457
0.9878542510121457
0.9878542510121457
0.9878542510121457
0.9878542510121457
0.9878542510121457
0.9878542510121457
0.9878542510121457
0.9878542510121457
0.9878542510121457
0.9878542510121457
0.9878542510121457
0.9878542510121457
0.9878542510121457
0.9878542510121457
0.9878542510121457
0.9878542510121457
0.9878542510121457
0.9878542510121457
0.9878542510121457
0.9878542510121457
0.9878542510121457
0.9878542510121457
0.9878542510121457
0.9878542510121457
0.9878542510121457
0.9878542510121457
0.9878542510121457
0.9878542510121457
0.9878542510121457
0.9878542510121457
0.9878542510121457
0.9878542510121457
0.9878542510121457
0.9878542510121457
0.9878542510121457
0.9878542510121457
0.9878542510121457
0.9878542510121457
0.9878542510121457
0.9878542510121457
0.9878542510121457
0.9878542510121457
0.9878542510121457
0.9878542510121457
0.9878542510121457
0.9878542510121457
0.9878542510121457
0.9878542510121457
0.9878542510121457
0.9878542510121457
0.9878542510121457
0.9878542510121457
0.9878542510121457
0.982995951417004
0.9821862348178138
0.9821862348178138
0.9821862348178138
0.9821862348178138
0.9821862348178138
0.9821862348178138
0.9821862348178138
0.9821862348178138
0.9821862348178138
0.9821862348178138
0.9821862348178138
0.9821862348178138
0.9821862348178138
0.9821862348178138
0.9821862348178138
0.9821862348178138
0.9821862348178138
0.9821862348178138
0.9821862348178138
0.9821862348178138
0.9821862348178138
0.9821862348178138
0.9821862348178138
0.9821862348178138
0.9821862348178138
0.9821862348178138
0.9821862348178138
0.9821862348178138
0.9821862348178138
0.9821862348178138
0.9821862348178138
0.9821862348178138
0.9821862348178138
0.9821862348178138
0.9821862348178138
0.9821862348178138
0.9821862348178138
0.9821862348178138
0.9821862348178138
0.9821862348178138
0.9821862348178138
0.9821862348178138
0.9821862348178138
0.9821862348178138
0.9821862348178138
0.9821862348178138
0.9821862348178138
0.9821862348178138
0.9821862348178138
0.9821862348178138
0.9821862348178138
0.9821862348178138
0.9821862348178138
0.9821862348178138
0.9821862348178138
0.9821862348178138
0.9821862348178138
0.9821862348178138
0.9821862348178138
0.9821862348178138
0.9821862348178138
0.9821862348178138
0.9821862348178138
0.9821862348178138
0.9821862348178138
0.9821862348178138
0.9821862348178138
0.9821862348178138
0.9821862348178138
0.9821862348178138
0.9821862348178138
0.9821862348178138
0.9821862348178138
0.9821862348178138
0.9821862348178138
0.9821862348178138
0.9821862348178138
0.9821862348178138
0.9821862348178138
0.9821862348178138
0.9821862348178138
0.9821862348178138
0.9821862348178138
0.9821862348178138
0.9821862348178138
0.9821862348178138
0.9821862348178138
0.9821862348178138
0.9821862348178138
0.9821862348178138
0.9821862348178138
0.9821862348178138
0.9821862348178138
0.9821862348178138
0.9821862348178138
0.9821862348178138
0.9821862348178138
0.9821862348178138
0.9821862348178138
0.9821862348178138
0.9821862348178138
0.9821862348178138
0.9821862348178138
0.9821862348178138
0.9821862348178138
0.9821862348178138
0.9821862348178138
0.9821862348178138
0.9821862348178138
0.9821862348178138
0.9821862348178138
0.9821862348178138
0.9821862348178138
0.9821862348178138
0.9821862348178138
0.9821862348178138
0.9821862348178138
0.9821862348178138
0.9821862348178138
0.9821862348178138
0.9821862348178138
0.9821862348178138
0.9821862348178138
0.9821862348178138
0.9821862348178138
0.9821862348178138
0.9821862348178138
0.9821862348178138
0.9821862348178138
0.9821862348178138
0.9821862348178138
0.9821862348178138
0.9821862348178138
0.9821862348178138
0.9821862348178138
0.9821862348178138
0.9821862348178138
0.9821862348178138
0.9821862348178138
0.9821862348178138
0.9821862348178138
0.9821862348178138
0.9821862348178138
0.9821862348178138
0.9821862348178138
0.9821862348178138
0.9821862348178138
0.9821862348178138
0.9821862348178138
0.9821862348178138
0.9821862348178138
0.9821862348178138
0.9821862348178138
0.9821862348178138
0.9821862348178138
0.9821862348178138
0.9821862348178138
0.9821862348178138
0.9821862348178138
0.9821862348178138
0.9821862348178138
0.9821862348178138
0.9821862348178138
0.9821862348178138
0.9821862348178138
0.9821862348178138
0.9821862348178138
0.9821862348178138
0.9821862348178138
0.9821862348178138
0.9821862348178138
0.9821862348178138
0.9821862348178138
0.9821862348178138
0.9821862348178138
0.9821862348178138
0.9821862348178138
0.9821862348178138
0.9821862348178138
0.9821862348178138
0.9821862348178138
0.9821862348178138
0.9821862348178138
0.9821862348178138
0.9821862348178138
0.9821862348178138
0.9821862348178138
0.9821862348178138
0.9821862348178138
0.9821862348178138
0.9821862348178138
0.9821862348178138
0.9821862348178138
0.9821862348178138
0.9821862348178138
0.9821862348178138
0.9821862348178138
0.9821862348178138
0.9821862348178138
0.9821862348178138
0.9821862348178138
0.9821862348178138
0.9821862348178138
0.9821862348178138
0.9821862348178138
0.9821862348178138
0.9821862348178138
0.9821862348178138
0.9821862348178138
0.9821862348178138
0.9821862348178138
0.9821862348178138
0.9821862348178138
0.9821862348178138
0.9821862348178138
0.9821862348178138
0.9821862348178138
0.9821862348178138
0.9821862348178138
0.9821862348178138
0.9821862348178138
0.9821862348178138
0.9821862348178138
0.9821862348178138
0.9821862348178138
0.9821862348178138
0.9821862348178138
0.9821862348178138
0.9821862348178138
0.9821862348178138
0.9821862348178138
0.9821862348178138
0.9821862348178138
0.9821862348178138
0.9821862348178138
0.9821862348178138
0.9821862348178138
0.9821862348178138
0.9821862348178138
0.9821862348178138
0.9821862348178138
0.9821862348178138
0.9821862348178138
0.9821862348178138
0.9821862348178138
0.9821862348178138
0.9821862348178138
0.9821862348178138
0.9821862348178138
0.9821862348178138
0.9821862348178138
0.9821862348178138
0.9821862348178138
0.9821862348178138
0.9821862348178138
0.9821862348178138
0.9821862348178138
0.9821862348178138
0.9821862348178138
0.9821862348178138
0.9821862348178138
0.9821862348178138
0.9821862348178138
0.9821862348178138
0.9821862348178138
0.9821862348178138
0.9821862348178138
0.9821862348178138
0.9821862348178138
0.9821862348178138
0.9821862348178138
0.9821862348178138
0.9821862348178138
0.9821862348178138
0.9821862348178138
0.9821862348178138
0.9821862348178138
0.9821862348178138
0.9821862348178138
0.9821862348178138
0.9821862348178138
0.9821862348178138
0.9821862348178138
0.9821862348178138
0.9821862348178138
0.9821862348178138
0.9821862348178138
0.9821862348178138
0.9821862348178138
0.9821862348178138
0.9821862348178138
0.9821862348178138
0.9821862348178138
0.9821862348178138
0.9821862348178138
0.9821862348178138
0.9821862348178138
0.9821862348178138
0.9821862348178138
0.9821862348178138
0.9821862348178138
0.9821862348178138
0.9821862348178138
0.9821862348178138
0.9821862348178138
0.9821862348178138
0.9821862348178138
0.9821862348178138
0.9821862348178138
0.9821862348178138
0.9821862348178138
0.9821862348178138
0.9821862348178138
0.9821862348178138
0.9821862348178138
0.9821862348178138
0.9821862348178138
0.9821862348178138
0.9821862348178138
0.9821862348178138
0.9821862348178138
0.9821862348178138
0.9821862348178138
0.9821862348178138
0.9821862348178138
0.9821862348178138
0.9821862348178138
0.9821862348178138
0.9821862348178138
0.9821862348178138
0.9821862348178138
0.9821862348178138
0.9821862348178138
0.9821862348178138
0.9821862348178138
0.9821862348178138
0.9821862348178138
0.9821862348178138
0.9821862348178138
0.9821862348178138
0.9821862348178138
0.9821862348178138
0.9821862348178138
0.9821862348178138
0.9821862348178138
0.9821862348178138
0.9821862348178138
0.9821862348178138
0.9821862348178138
0.9821862348178138
0.9821862348178138
0.9821862348178138
0.9821862348178138
0.9821862348178138
0.9821862348178138
0.9821862348178138
0.9821862348178138
0.9821862348178138
0.9821862348178138
0.9821862348178138
0.9821862348178138
0.9821862348178138
0.9821862348178138
0.9821862348178138
0.9821862348178138
0.9821862348178138
0.9821862348178138
0.9821862348178138
0.9821862348178138
0.9821862348178138
0.9821862348178138
0.9821862348178138
0.9821862348178138
0.9821862348178138
0.9821862348178138
0.9821862348178138
0.9821862348178138
0.9821862348178138
0.9821862348178138
0.9821862348178138
0.9821862348178138
0.9821862348178138
0.9821862348178138
0.9821862348178138
0.9821862348178138
0.9821862348178138
0.9821862348178138
0.9821862348178138
0.9821862348178138
0.9821862348178138
0.9821862348178138
0.9821862348178138
0.9821862348178138
0.9821862348178138
0.9821862348178138
0.9821862348178138
0.9813765182186235
0.9813765182186235
0.9813765182186235
0.9813765182186235
0.9813765182186235
0.9813765182186235
0.9813765182186235
0.9813765182186235
0.9813765182186235
0.9813765182186235
0.9813765182186235
0.9813765182186235
0.9813765182186235
0.9813765182186235
0.9813765182186235
0.9813765182186235
0.9813765182186235
0.9813765182186235
0.9813765182186235
0.9813765182186235
0.9813765182186235
0.9813765182186235
0.9813765182186235
0.9813765182186235
0.9813765182186235
0.9813765182186235
0.9813765182186235
0.9813765182186235
0.9813765182186235
0.9813765182186235
0.9813765182186235
0.9813765182186235
0.9813765182186235
0.9813765182186235
0.9813765182186235
0.9813765182186235
0.9813765182186235
0.9813765182186235
0.9813765182186235
0.9813765182186235
0.9813765182186235
0.9813765182186235
0.9813765182186235
0.9813765182186235
0.9813765182186235
0.9813765182186235
0.9813765182186235
0.9813765182186235
0.9813765182186235
0.9813765182186235
0.9813765182186235
0.9813765182186235
0.9813765182186235
0.9813765182186235
0.9813765182186235
0.9805668016194332
0.9805668016194332
0.9805668016194332
0.9805668016194332
0.9805668016194332
0.9805668016194332
0.9805668016194332
0.9805668016194332
0.9805668016194332
0.9805668016194332
0.9805668016194332
0.9805668016194332
0.9805668016194332
0.9805668016194332
0.9805668016194332
0.9805668016194332
0.9805668016194332
0.9805668016194332
0.9805668016194332
0.9805668016194332
0.9805668016194332
0.9805668016194332
0.9805668016194332
0.9805668016194332
0.9805668016194332
0.9805668016194332
0.9805668016194332
0.9805668016194332
0.9805668016194332
0.9805668016194332
0.9805668016194332
0.9805668016194332
0.9805668016194332
0.9805668016194332
0.9805668016194332
0.9805668016194332
0.9805668016194332
0.9805668016194332
0.9805668016194332
0.9805668016194332
0.9805668016194332
0.9805668016194332
0.9805668016194332
0.9805668016194332
0.9805668016194332
0.9805668016194332
0.9805668016194332
0.9805668016194332
0.9805668016194332
0.9805668016194332
0.9805668016194332
0.9805668016194332
0.9805668016194332
0.9805668016194332
0.9805668016194332
0.9805668016194332
0.9805668016194332
0.9805668016194332
0.9805668016194332
0.9805668016194332
0.979757085020243
0.979757085020243
0.979757085020243
0.979757085020243
0.979757085020243
0.979757085020243
0.979757085020243
0.979757085020243
0.979757085020243
0.979757085020243
0.979757085020243
0.979757085020243
0.979757085020243
0.979757085020243
0.979757085020243
0.979757085020243
0.979757085020243
0.979757085020243
0.979757085020243
0.979757085020243
0.979757085020243
0.979757085020243
0.979757085020243
0.979757085020243
0.979757085020243
0.979757085020243
0.9789473684210527
0.9789473684210527
0.9789473684210527
0.9789473684210527
0.9789473684210527
0.9789473684210527
0.9789473684210527
0.9789473684210527
0.9789473684210527
0.9789473684210527
0.9789473684210527
0.9789473684210527
0.9789473684210527
0.9789473684210527
0.9789473684210527
0.9781376518218623
0.9781376518218623
0.9781376518218623
0.9781376518218623
0.9781376518218623
0.9781376518218623
0.9781376518218623
0.9781376518218623
0.9781376518218623
0.9781376518218623
0.9781376518218623
0.9781376518218623
0.9781376518218623
0.9781376518218623
0.9781376518218623
0.9781376518218623
0.9781376518218623
0.9781376518218623
0.9781376518218623
0.9781376518218623
0.9781376518218623
0.9781376518218623
0.9781376518218623
0.9781376518218623
0.9781376518218623
0.9781376518218623
0.9781376518218623
0.9781376518218623
0.9781376518218623
0.9781376518218623
0.9781376518218623
0.9781376518218623
0.9781376518218623
0.977327935222672
0.977327935222672
0.9765182186234818
0.9765182186234818
0.9765182186234818
0.9765182186234818
0.9765182186234818
0.9757085020242915
0.974089068825911
0.974089068825911
0.974089068825911
0.974089068825911
0.974089068825911
0.974089068825911
0.974089068825911
0.974089068825911
0.974089068825911
0.974089068825911
0.9732793522267207
0.9732793522267207
0.9732793522267207
0.9732793522267207
0.9732793522267207
0.9732793522267207
0.9732793522267207
0.9732793522267207
0.9724696356275304
0.97165991902834
0.9708502024291498
0.9708502024291498
0.9708502024291498
0.9708502024291498
0.9700404858299595
0.9700404858299595
0.9700404858299595
0.9700404858299595
0.9700404858299595
0.9692307692307692
0.9692307692307692
0.9692307692307692
0.9692307692307692
0.9692307692307692
0.9692307692307692
0.9692307692307692
0.968421052631579
0.968421052631579
0.968421052631579
0.968421052631579
0.968421052631579
0.968421052631579
0.968421052631579
0.968421052631579
0.968421052631579
0.9676113360323887
0.9676113360323887
0.9668016194331984
0.9668016194331984
0.9651821862348178
0.9635627530364372
0.9635627530364372
0.9635627530364372
0.962753036437247
0.962753036437247
0.9619433198380567
0.9619433198380567
0.9611336032388664
0.9595141700404858
0.9578947368421052
0.9530364372469635
0.951417004048583
0.9506072874493927
0.9473684210526315
0.9441295546558705
0.940080971659919
0.9279352226720647
0.9198380566801619
0.8987854251012146
0.8599190283400809
0.7983805668016194
0.7271255060728745
0.6453441295546559
0.5635627530364372
0.3951417004048583
0.29554655870445345
0.1748987854251012
0.08340080971659919
