
0.9603480474984504
0.9928012584185439
0.9205366357069144
0.9983791179875803
0.902834008097166
0.9993831230988492
0.9389473684210526
0.9531900648565301
0.9862605159943183
0.9246646026831785
0.9984633196505631
0.9068825910931174
0.9994256663334113
0.9431578947368421
0.9522153440629476
0.983106783432631
0.9194214876033058
0.9983580675718345
0.9008097165991903
0.9993831230988492
0.9388185654008439
0.9709726747023962
0.9979950424213748
0.9351184346035015
0.9986738238080202
0.9190283400809717
0.9995107528025355
0.9517819706498952
0.9585256462608613
0.9917353880943327
0.9267285861713106
0.9985055463175398
0.9089068825910931
0.9994469850047857
0.9452631578947368
0.9717023125573087
0.9905843072163962
0.9496402877697842
0.9988371851574991
0.9166666666666666
0.9998318727276548
0.9850746268656716
0.9737533912295498
0.9933355852463649
0.9429864253393665
0.9986918333021865
0.9045138888888888
0.9998318727276548
0.9848771266540642
0.9746244811059224
0.9971695474515874
0.9387040280210157
0.9985464814468739
0.9305555555555556
0.9993695227287056
0.9469964664310954
0.9805588103045392
0.9975221112173582
0.9450741063644289
0.9986918333021865
0.9409722222222222
0.9993905386377487
0.9492119089316988
0.9849193215249139
0.9944238355981727
0.9472774416594641
0.9987334938958559
0.9448275862068966
0.9993905514458642
0.949740034662045
0.9619067613973926
0.9926730043455245
0.9237113402061856
0.9984422692348174
0.9068825910931174
0.9994043947161303
0.9411764705882353
0.9539869596867867
0.9859670624077385
0.9246646026831785
0.9984633196505631
0.9068825910931174
0.9994256663334113
0.9431578947368421
0.9535359343562083
0.9827432928308536
0.9203722854188211
0.9983791179875803
0.9008097165991903
0.9994043947161303
0.9408033826638478
0.9722031846131242
0.997978808818713
0.9351184346035015
0.9986738238080202
0.9190283400809717
0.9995107528025355
0.9517819706498952
0.9589687162781537
0.9912904874445703
0.9267285861713106
0.9985055463175398
0.9089068825910931
0.9994469850047857
0.9452631578947368
0.9625563563396996
0.9926675787913192
0.9267285861713106
0.9985054204820545
0.9089068825910931
0.9994469379506924
0.9452631578947368
0.9544322249422073
0.9858410474523275
0.9246646026831785
0.9984633196505631
0.9068825910931174
0.9994256663334113
0.9431578947368421
0.9541073279608688
0.9825100155300031
0.9214876033057852
0.998400168403326
0.902834008097166
0.9994043947161303
0.9409282700421941
0.9725770280794628
0.997978636578897
0.937178166838311
0.9987159246395116
0.9210526315789473
0.9995320244198166
0.9538784067085954
0.9597564433157479
0.9913828216595529
0.9287925696594427
0.9985476436043697
0.9109311740890689
0.999468254812294
0.9473684210526315
0.9633118911535025
0.9925988981646728
0.9276859504132231
0.9985264708978002
0.9089068825910931
0.9994682095679734
0.9472573839662447
0.9546488283640309
0.9857533773859626
0.9267285861713106
0.9985054204820545
0.9089068825910931
0.9994469379506924
0.9452631578947368
0.9543854468206282
0.9822037516071052
0.9194214876033058
0.9983580675718345
0.9008097165991903
0.9993831230988492
0.9388185654008439
0.9627493638646278
0.9926372215237419
0.9267285861713106
0.9985054204820545
0.9089068825910931
0.9994469379506924
0.9452631578947368
0.954446060450636
0.9857809142265521
0.9267285861713106
0.9985054204820545
0.9089068825910931
0.9994469379506924
0.9452631578947368
0.95425854368085
0.9823173652957611
0.9183040330920372
0.9983370171560888
0.8987854251012146
0.9993831230988492
0.9386892177589852
0.9729651763101246
0.997974675063128
0.937178166838311
0.9987159246395116
0.9210526315789473
0.9995320244198166
0.9538784067085954
0.9600553872599763
0.991593087054222
0.9287925696594427
0.9985476436043697
0.9109311740890689
0.999468254812294
0.9473684210526315
0.9633118911535025
0.9925988981646728
0.9276859504132231
0.9985264708978002
0.9089068825910931
0.9994682095679734
0.9472573839662447
0.9546488283640309
0.9857533773859626
0.9267285861713106
0.9985054204820545
0.9089068825910931
0.9994469379506924
0.9452631578947368
0.9543854468206282
0.9822037516071052
0.9194214876033058
0.9983580675718345
0.9008097165991903
0.9993831230988492
0.9388185654008439
0.9734407520840356
0.9979804666269424
0.937178166838311
0.9987159246395116
0.9210526315789473
0.9995320244198166
0.9538784067085954
0.9605477562440631
0.9917649247096176
0.9287925696594427
0.9985476436043697
0.9109311740890689
0.999468254812294
0.9473684210526315
0.9632342856461584
0.9925763562787485
0.9278350515463918
0.9985264708978002
0.9109311740890689
0.9994469379506924
0.9453781512605042
0.9547003756696486
0.9857776632000244
0.9257731958762887
0.9984843700663089
0.9089068825910931
0.9994256663334113
0.9432773109243697
0.9545717793738845
0.9821512830531437
0.9194214876033058
0.9983580675718345
0.9008097165991903
0.9993831230988492
0.9388185654008439
0.9739165926698443
0.9979807680466204
0.9392378990731205
0.998758025471003
0.9230769230769231
0.9995532960370977
0.9559748427672956
0.960746577618121
0.991849702545617
0.9287925696594427
0.9985476436043697
0.9109311740890689
0.999468254812294
0.9473684210526315
0.9636165038040456
0.9925664740193032
0.9287925696594427
0.998547521313546
0.9109311740890689
0.9994682095679734
0.9473684210526315
0.954632321583665
0.9858087740167969
0.9268795056642637
0.9985054204820545
0.9109311740890689
0.9994256663334113
0.9433962264150944
0.954589337039632
0.982144328870571
0.9194214876033058
0.9983580675718345
0.9008097165991903
0.9993831230988492
0.9388185654008439
0.9742877408242502
0.9979847941523203
0.9392378990731205
0.998758025471003
0.9230769230769231
0.9995532960370977
0.9559748427672956
0.9608262760799852
0.9918745460252371
0.9287925696594427
0.9985476436043697
0.9109311740890689
0.999468254812294
0.9473684210526315
0.9638080130086173
0.9925698326957159
0.9276859504132231
0.9985264708978002
0.9089068825910931
0.9994682095679734
0.9472573839662447
0.9551996695742113
0.9858395618839142
0.9268795056642637
0.9985054204820545
0.9109311740890689
0.9994256663334113
0.9433962264150944
0.9546565695629792
0.9821475583671218
0.9203722854188211
0.9983791179875803
0.9008097165991903
0.9994043947161303
0.9408033826638478
0.9742367903405251
0.9979847941523203
0.9392378990731205
0.998758025471003
0.9230769230769231
0.9995532960370977
0.9559748427672956
0.9610040543237796
0.9918739217090247
0.9287925696594427
0.9985476436043697
0.9109311740890689
0.999468254812294
0.9473684210526315
0.9638080130086173
0.9925698326957159
0.9276859504132231
0.9985264708978002
0.9089068825910931
0.9994682095679734
0.9472573839662447
0.9551996695742113
0.9858395618839142
0.9268795056642637
0.9985054204820545
0.9109311740890689
0.9994256663334113
0.9433962264150944
0.9546565695629792
0.9821475583671218
0.9203722854188211
0.9983791179875803
0.9008097165991903
0.9994043947161303
0.9408033826638478
0.9742367903405251
0.9979847941523203
0.9392378990731205
0.998758025471003
0.9230769230769231
0.9995532960370977
0.9559748427672956
0.9610040543237796
0.9918739217090247
0.9287925696594427
0.9985476436043697
0.9109311740890689
0.999468254812294
0.9473684210526315
0.9638080130086173
0.9925698326957159
0.9276859504132231
0.9985264708978002
0.9089068825910931
0.9994682095679734
0.9472573839662447
0.9551996695742113
0.9858395618839142
0.9268795056642637
0.9985054204820545
0.9109311740890689
0.9994256663334113
0.9433962264150944
0.9546565695629792
0.9821475583671218
0.9203722854188211
0.9983791179875803
0.9008097165991903
0.9994043947161303
0.9408033826638478
0.9742367903405251
0.9979847941523203
0.9392378990731205
0.998758025471003
0.9230769230769231
0.9995532960370977
0.9559748427672956
0.9610040543237796
0.9918739217090247
0.9287925696594427
0.9985476436043697
0.9109311740890689
0.999468254812294
0.9473684210526315
0.9638080130086173
0.9925698326957159
0.9276859504132231
0.9985264708978002
0.9089068825910931
0.9994682095679734
0.9472573839662447
0.9551996695742113
0.9858395618839142
0.9268795056642637
0.9985054204820545
0.9109311740890689
0.9994256663334113
0.9433962264150944
0.9546565695629792
0.9821475583671218
0.9203722854188211
0.9983791179875803
0.9008097165991903
0.9994043947161303
0.9408033826638478
0.9742367903405251
0.9979847941523203
0.9392378990731205
0.998758025471003
0.9230769230769231
0.9995532960370977
0.9559748427672956
0.9610040543237796
0.9918739217090247
0.9287925696594427
0.9985476436043697
0.9109311740890689
0.999468254812294
0.9473684210526315
