0.0
0.45333333333333303
0.45333333333333303
0.45333333333333303
0.45333333333333303
0.45333333333333303
0.45333333333333303
0.45333333333333303
0.45333333333333303
0.39259259259259305
0.39259259259259305
0.39259259259259305
0.39259259259259305
0.39259259259259305
0.39259259259259305
0.39259259259259305
0.39259259259259305
0.39259259259259305
0.39259259259259305
0.39259259259259305
0.39259259259259305
0.39259259259259305
0.39259259259259305
0.39259259259259305
0.39259259259259305
0.390909090909091
0.390909090909091
0.390909090909091
0.390909090909091
0.393333333333333
0.393333333333333
0.393333333333333
0.393333333333333
0.383561643835616
0.383561643835616
0.383561643835616
0.383561643835616
0.383561643835616
0.383561643835616
0.383561643835616
0.383561643835616
0.383561643835616
0.383561643835616
0.383561643835616
0.383561643835616
0.383561643835616
0.383561643835616
0.383561643835616
0.383561643835616
0.383561643835616
0.383561643835616
0.383561643835616
0.383561643835616
0.383561643835616
0.383561643835616
0.383561643835616
0.383561643835616
0.383561643835616
0.383561643835616
0.383561643835616
0.383561643835616
0.383561643835616
0.383561643835616
0.383561643835616
0.383561643835616
0.383561643835616
0.383561643835616
0.383561643835616
0.383561643835616
0.383561643835616
0.383561643835616
0.383561643835616
0.383561643835616
0.383561643835616
0.383561643835616
0.383561643835616
0.383561643835616
0.383561643835616
0.383561643835616
0.383561643835616
0.383561643835616
0.383561643835616
0.383561643835616
0.383561643835616
0.383561643835616
0.383561643835616
0.383561643835616
0.383561643835616
0.383561643835616
0.383561643835616
0.383561643835616
0.383561643835616
0.383561643835616
0.383561643835616
0.383561643835616
0.383561643835616
0.383561643835616
0.383561643835616
0.383561643835616
0.383561643835616
0.383561643835616
0.383561643835616
0.383561643835616
0.383561643835616
0.383561643835616
0.383561643835616
0.383561643835616
0.383561643835616
0.383561643835616
0.383561643835616
0.383561643835616
0.383561643835616
0.383561643835616
0.383561643835616
0.383561643835616
0.383561643835616
0.383561643835616
0.383561643835616
0.383561643835616
0.383561643835616
0.383561643835616
0.383561643835616
0.383561643835616
0.383561643835616
0.383561643835616
0.383561643835616
0.383561643835616
0.383561643835616
0.383561643835616
0.383561643835616
0.383561643835616
0.383561643835616
0.383561643835616
0.383561643835616
0.383561643835616
0.383561643835616
0.383561643835616
0.383561643835616
0.383561643835616
0.383561643835616
0.383561643835616
0.383561643835616
0.383561643835616
0.383561643835616
0.383561643835616
0.383561643835616
0.383561643835616
0.383561643835616
0.383561643835616
0.383561643835616
0.383561643835616
0.383561643835616
0.383561643835616
0.383561643835616
0.383561643835616
0.383561643835616
0.383561643835616
0.383561643835616
0.383561643835616
0.383561643835616
0.383561643835616
0.383561643835616
0.383561643835616
0.383561643835616
0.383561643835616
0.383561643835616
0.383561643835616
0.383561643835616
0.383561643835616
0.383561643835616
0.383561643835616
0.383561643835616
0.383561643835616
0.383561643835616
0.383561643835616
0.383561643835616
0.383561643835616
0.383561643835616
0.383561643835616
0.383561643835616
0.383561643835616
0.383561643835616
0.383561643835616
0.383561643835616
0.383561643835616
0.383561643835616
0.383561643835616
0.383561643835616
0.383561643835616
0.383561643835616
0.383561643835616
0.383561643835616
0.383561643835616
0.383561643835616
0.383561643835616
0.383561643835616
0.413461538461538
0.413461538461538
0.413461538461538
0.413461538461538
0.413461538461538
0.413461538461538
0.413461538461538
0.413461538461538
0.413461538461538
0.413461538461538
0.413461538461538
0.413461538461538
0.43648960739029996
0.43648960739029996
0.43648960739029996
0.43648960739029996
0.43648960739029996
0.43648960739029996
0.43648960739029996
0.43648960739029996
0.46623093681917205
0.46623093681917205
0.46623093681917205
0.46623093681917205
0.46623093681917205
0.48440748440748405
0.48440748440748405
0.48440748440748405
0.48440748440748405
0.48440748440748405
0.48440748440748405
0.48440748440748405
0.491902834008097
0.491902834008097
0.48902195608782395
0.48902195608782395
0.48902195608782395
0.495527728085868
0.502431118314425
0.502431118314425
0.502431118314425
0.501618122977346
0.5141065830721
0.5045871559633031
0.5045871559633031
0.5045871559633031
0.5045871559633031
0.5053435114503819
0.5053435114503819
0.5105189340813461
0.5118219749652291
0.5118219749652291
0.514442916093535
0.514442916093535
0.514442916093535
0.5115020297699591
0.518954248366013
0.518954248366013
0.518954248366013
0.518954248366013
0.518954248366013
0.518954248366013
0.518954248366013
0.518954248366013
0.518954248366013
0.520681265206813
0.520681265206813
0.520681265206813
0.520681265206813
0.520681265206813
0.521263669501823
0.521263669501823
0.521263669501823
0.521263669501823
0.521263669501823
0.5263157894736841
0.53757225433526
0.538018433179723
0.538018433179723
0.536165327210103
0.538285714285714
0.5376712328767119
0.537058152793615
0.537058152793615
0.538548752834467
0.5439377085650721
0.540130151843818
0.540130151843818
0.543595263724435
0.549893842887473
0.549310710498409
0.549206349206349
0.5468914646996841
0.5456453305351521
0.548387096774194
0.548387096774194
0.548387096774194
0.547817047817048
0.5431472081218269
0.545362903225806
0.546639919759278
0.547094188376753
0.5556640625
0.5660018993352329
0.568052930056711
0.5708920187793429
0.572097378277154
0.57645968489342
0.57631822386679
0.578268876611418
0.5812043795620441
0.585365853658537
0.584837545126354
0.5908289241622571
0.5920138888888891
0.5996621621621621
0.6028428093645479
0.6048252911813641
0.606788079470199
0.607084019769357
0.608196721311475
0.610252237591538
0.6127728375101049
0.616185897435897
0.619539316918189
0.620744259699129
0.621044303797468
0.627039627039627
0.629057187017002
0.6324655436447171
0.6324655436447171
0.633587786259542
0.634703196347032
0.634703196347032
0.6352583586626139
0.6352583586626139
0.6352583586626139
0.6352583586626139
0.636913767019667
0.6364323507180649
0.6364323507180649
0.636981132075472
0.641537324464154
0.641537324464154
0.640176600441501
0.640176600441501
0.640176600441501
0.640176600441501
0.640176600441501
0.638297872340425
0.638297872340425
0.63909224011713
0.6398550724637679
0.6398550724637679
0.6398550724637679
0.6398550724637679
0.6424460431654679
0.6424460431654679
0.6413199426111911
0.6413199426111911
0.639027877055039
0.639027877055039
0.639027877055039
0.639285714285714
0.639285714285714
0.639285714285714
0.639285714285714
0.639285714285714
0.638631503920171
0.6381019830028329
0.6381019830028329
0.6381019830028329
0.636749116607774
0.637005649717514
0.637005649717514
0.637005649717514
0.637005649717514
0.636875439831105
0.636427566807314
0.636044880785414
0.63515406162465
0.6431956668923491
0.6431956668923491
0.649706457925636
0.649706457925636
0.649706457925636
0.649706457925636
0.649706457925636
0.649706457925636
0.64993481095176
0.64993481095176
0.6562897077509531
0.6562897077509531
0.6546489563567359
0.652996845425867
0.653022670025189
0.654761904761905
0.6607579462102691
0.658343483556638
0.658343483556638
0.658343483556638
0.658343483556638
0.658150851581508
0.658358662613982
0.6600361663652801
0.659241420830825
0.65884476534296
0.658463385354142
0.658463385354142
0.658068386322735
0.657279808268424
0.664527421236873
0.664527421236873
0.664527421236873
0.6651135701805471
0.665308498253783
0.664749856239218
0.6651349798966111
0.664945496270797
0.664945496270797
0.666288308740068
0.666288308740068
0.666288308740068
0.666288308740068
0.665532879818594
0.664402942840973
0.664402942840973
0.664402942840973
0.665538635081782
0.666103603603604
0.666479190101237
0.666666666666667
0.668158925573587
0.668158925573587
0.668900055834729
0.66815144766147
0.6664823008849561
0.6662983425414359
0.666666666666667
0.668490153172867
0.6693944353518819
0.669754768392371
0.669569951007077
0.669569951007077
0.668658337859859
0.66991341991342
0.66991341991342
0.6700808625336929
0.6700808625336929
0.670967741935484
0.670967741935484
0.671816728822589
0.671816728822589
0.673512374934176
0.6728037874802739
0.673480083857442
0.673821989528796
0.674151436031332
0.6744913928012519
0.6744913928012519
0.674805194805195
0.675142708873897
0.674262040393578
0.675605982465188
0.682162708438605
0.682939104177151
0.684473290064903
0.685728493286922
0.685884691848907
0.686167575607338
0.687869822485207
0.688023656973879
0.689823874755382
0.689453125
0.690058479532164
0.689873417721519
0.690325717063685
0.690776699029126
0.691304347826087
0.692640692640693
0.692898272552783
0.6930076628352491
0.693301435406699
0.694470924690181
0.695652173913043
0.69622641509434
0.6954887218045109
0.6954481464101361
0.69715352309846
0.700369344413666
0.7016451756336151
0.700797872340425
0.700930438635357
0.701062887511072
0.704317488006978
0.7052951388888891
0.7056783701777201
0.705500216543958
0.703719357565511
0.703204047217538
0.703157894736842
0.702986958350862
0.707488622258999
0.7079719124328789
0.7079719124328789
0.707527766351296
0.7076480263157889
0.707888249794577
0.707957342083675
0.708077080770808
0.708077080770808
0.7056467761313581
0.706
0.704708699122107
0.704944178628389
0.7030207924676339
0.704368174726989
0.704439252336449
0.704554301284546
0.7047841306884479
0.7048989113530331
0.7050136027982901
0.705242718446602
0.705585725368503
0.705699883675843
0.7055404881828751
0.705381339527681
0.705381339527681
0.705495356037152
0.705609284332689
0.7048611111111109
0.704974932510605
0.7050886661526601
0.7050886661526601
0.700113164843455
0.6986501276906241
0.6986501276906241
0.698724954462659
0.698724954462659
0.698470502549162
0.698326055312955
0.697057755176171
0.695418754473873
0.695527728085868
0.695636623748212
0.695636623748212
0.695636623748212
0.695139385275197
0.6950000000000001
0.6951088896822559
0.6951088896822559
0.6951088896822559
0.690076869322152
0.690185120502969
0.690185120502969
0.690185120502969
0.690185120502969
0.690185120502969
0.689944134078212
0.6897033158813259
0.689462665736218
0.689222183467039
0.6893305439330539
0.6893305439330539
0.68943882886023
0.6896551724137929
0.689020152883947
0.6891281695033
0.6893439777854911
0.689559486645855
0.689189189189189
0.689189189189189
0.689296847939037
0.689058171745152
0.689273356401384
0.6890117484450591
0.6890117484450591
0.6885359116022101
0.6887508626639061
0.687909059593524
0.6880165289256199
0.684317032040472
0.684317032040472
0.684617973746213
0.683697478991597
0.68380376344086
0.6839099764863961
0.6839099764863961
0.6841221886539111
0.6841221886539111
0.6841046277666001
0.6842105263157889
0.6842105263157889
0.68350618936099
0.68350618936099
0.68350618936099
0.683366733466934
0.68324432576769
0.682894298099366
0.6818635607321131
0.6818635607321131
0.681969394544245
0.681969394544245
0.682075157964749
0.682392026578073
0.682587064676617
0.684296977660972
0.684055118110236
0.683606557377049
0.683606557377049
0.683606557377049
0.683262364886996
0.683469721767594
0.6836768073274451
0.6836768073274451
0.683883622098725
0.683866753755715
0.6838499184339311
0.684159061277705
0.683785529715762
0.6835647400710361
0.683768957728299
0.683752417794971
0.685960984969619
0.692188468691878
0.692164756890678
0.691950464396285
0.691950464396285
0.692331478045764
0.69242658423493
0.692521631644005
0.696167883211679
0.696325539022168
0.698708320817062
0.698798798798799
0.6990175647514141
0.699078203984538
0.6994356994356989
0.699406528189911
0.699377408834865
0.699466508595139
0.698972099853157
0.700204738227552
0.7003504672897201
0.7012230634828189
0.70197330237957
0.7034165948894631
0.705109905795033
0.705547652916074
0.707261938400678
0.707674943566591
0.710233592880979
0.712565015056118
0.7133896918461959
0.7138193688792169
0.7142080956261889
0.7154427645788339
0.71613250740641
0.715301553858309
0.717015706806283
0.71952479338843
0.723770907247846
0.727023661270237
0.727543424317618
0.727227722772277
0.728124229726399
0.727832512315271
0.727787349249323
0.728322279538197
0.7288551115469479
0.7293398533007329
0.729644076060458
0.7339188226916691
0.7356267672007539
0.7378504672897199
0.74020618556701
0.741642028655902
0.743699369936994
0.744733303451367
0.745932694450635
0.745717463848721
0.747019867549669
0.747019867549669
0.749455337690632
0.749782419495213
0.749293938735607
0.749566348655681
0.749572284003422
0.751430387794024
0.753156565656566
0.7544372520359159
0.754382303839733
0.754728746622324
0.7561479644554661
0.756288659793814
0.756177924217463
0.756177924217463
0.7559670781893
0.7553956834532369
0.757192409712304
0.757192409712304
0.7572419420644629
0.7569826707441389
0.756976981055205
0.758306320907618
0.758453128163596
0.758982640290674
0.759072580645161
0.759121144930458
0.758968158000806
0.759597989949749
0.759084521180486
0.758828250401284
0.758517034068136
0.758365057102785
0.7572
0.7569458325005
0.7568431568431571
0.756389776357827
0.7564384108604509
0.75682678891768
0.756525204223949
0.75647152528873
0.75651481997215
0.756204089735954
0.756247520825069
0.756247520825069
0.7562958556414829
0.756815487949427
0.755473025801407
0.756196746707978
0.757500477737435
0.758692760782823
0.758594491927825
0.758777756690074
0.7588168373151309
0.759622641509434
0.7614146706586831
0.7618158042219321
0.761949215832711
0.7617981719828391
0.761869298082294
0.761869298082294
0.762536873156342
0.762246777163904
0.764018264840183
0.764333514197866
0.764588979223126
0.764790764790765
0.765045045045045
0.76598030438675
0.766231443391164
0.7662917336189969
0.766446781957568
0.766772598870056
0.767224669603524
0.767882187938289
0.768680167597765
0.769043053860903
0.7692307692307689
0.769763016779104
0.772010962658445
0.773870200475705
0.774488242260193
0.776754312510467
0.776793178398261
0.777611443779108
0.77770404777704
0.777556771092326
0.778328377931946
0.77869257368681
0.779416584726319
0.780853142298925
0.781204349943191
0.781538461538462
0.782222939183739
0.782321687328933
0.782259360437088
0.782308556750682
0.783809523809524
0.784083703233989
0.785264483627204
0.785804020100503
0.78657487091222
0.787713841368585
0.787676548191836
0.787503866377977
0.78757917503476
0.787673343605547
0.788125191776619
0.787915963809232
0.787781350482315
0.787892650198231
0.787989635726261
0.788031064412974
0.787855729721504
0.788081483733658
0.788026135845616
0.788444040036397
0.788333333333333
0.789465763732129
0.790276738967838
0.7898355754858
0.7898355754858
0.789489399820842
0.789489399820842
0.7892851813162209
0.788877292381094
0.788822652757079
0.788650580875782
0.788535788535789
0.789667896678967
0.79088511137163
0.791830207879052
0.792704111175449
0.792556260819388
0.792765528174088
0.792855084989916
0.792974373740282
0.793390804597701
0.794084024006859
0.794616151545364
0.795927025880356
0.7965886664787141
0.797217537942664
0.797589010372862
0.798154878389712
0.798019249546659
0.8
0.800466904696512
0.801120065564814
0.8013633265167011
0.80165963814447
0.802305084745763
0.802626235278191
0.80387148810324
0.804551539491299
0.804437909370405
0.8050892619237939
0.806528346768865
0.807111927568561
0.807641978539649
0.8080636743215031
0.810064516129032
0.812523815572209
0.81266658205356
0.814916438014467
0.815239043824701
0.815128141328689
0.815054030555211
0.816728167281673
0.816517143910532
0.818104392261832
0.818281268992342
0.818556701030928
0.818622696411251
0.818677325581395
0.819691863264324
0.820211233797408
0.820359281437126
0.820402298850575
0.820552697691111
0.820460785484063
0.820543374642517
0.82053114207455
0.820540283232179
0.820838778662231
0.8208813398265831
0.821284664612467
0.82186616399623
0.822012948793408
0.822396994952459
0.822529597936936
0.822620302072357
0.822448501872659
0.822414599906411
0.822326125073057
0.822162540868753
0.822390670553936
0.82255621577537
0.822831899558242
0.822975955395516
0.823242867084203
0.823373020460062
0.8236583958453549
0.823868217947241
0.824077268023456
0.824049615252096
0.824412607449857
0.825079872204473
0.8260524225575849
0.828395751816657
0.830543933054393
0.832117583015787
0.832683138274816
0.833405265429435
0.83413538658967
0.834540805454933
0.835414902624894
0.835551330798479
0.835844484248235
0.8363407469576161
0.836559589829444
0.836838817159517
0.838354755784062
0.838798651547656
0.839410868461148
0.839374555792466
0.839390268524127
0.839811188108868
0.839983958291558
0.840175368672778
0.840325300009918
0.840122906135395
0.8405453467694131
0.840749876665022
0.841475282210977
0.841707812953819
0.842417288200421
0.84318009118541
0.843782117163412
0.8447573175250089
0.845816186556927
0.847268472684727
0.8486173059768061
0.850525394045534
0.852028020409928
0.8531126736408849
0.854256854256854
0.8552398617317261
0.855889724310777
0.857646287493853
0.858962914874625
0.860028976175145
0.860916054899457
0.861960041064519
0.862440097415351
0.862962384891525
0.86460095340612
0.864631160085706
0.865312951555251
0.867193911810789
0.869371018525298
0.8715464657337639
0.873253352152435
0.876086057095573
0.879328859060403
0.881513157894737
0.88338606573255
0.88421453990849
0.885930370648166
0.88737935698039
0.889779319418695
0.8918080748976009
0.892490576978834
0.894760588799278
0.896439054106441
0.897372876727293
0.898703664023998
0.9000157620974099
0.9016047731714844
0.9036102348405187
0.9054860160375513
0.9067439409905163
0.9086405906818076
0.9103173877252355
0.9124538704370637
0.9143477317126112
0.9169460274891049
0.9193325755115297
0.9213425468904245
0.9237252583806872
0.9261161451263803
0.9280358221685205
0.9298947731585303
0.9318871005365057
0.9340754523290132
0.9357903919247305
0.9372706039372706
0.9385920823108536
0.939916750394718
0.9415916416583306
0.9431927904731252
0.9446589113143509
0.9461575011878861
0.9477158956252569
0.9495076179858789
0.9511191610205496
0.9530611808481064
0.9547691298285902
0.956606457395608
0.9585347850156855
0.960457892716295
0.9623208010954023
0.9643708773342416
0.9666915522885201
0.9688954690355195
0.9711567853081786
0.9736034513431774
0.9764495262210441
0.979673693672303
0.9826727343200448
0.9856394390905966
0.9877867576928869
0.9896012697396949
